TOA5	1712	CR6	1712	CR6.Std.02	CPU:VMCprogramGOOD_Pit1_Revised0930.CR6	36864	SoilPit1													
TIMESTAMP	RECORD	VWC_1_Avg	VWC_2_Avg	VWC_3_Avg	VWC_4_Avg	VWC_5_Avg	T_1_Avg	T_2_Avg	T_3_Avg	T_4_Avg	T_5_Avg	Tension_1_Avg	Temp_1_Avg	Tension_2_Avg	Temp_2_Avg	Tension_3_Avg	Temp_3_Avg	Tension_4_Avg	Temp_4_Avg	BattV_Min
TS	RN	m^3/m^3	m^3/m^3	m^3/m^3	m^3/m^3	m^3/m^3	Deg C	Deg C	Deg C	Deg C	Deg C	kPa	Deg C	kPa	Deg C	kPa	Deg C	kPa	Deg C	Volts
		Avg	Avg	Avg	Avg	Avg	Avg	Avg	Avg	Avg	Avg	Avg	Avg	Avg	Avg	Avg	Avg	Avg	Avg	Min
9/30/2016 15:00	0	0.033	0.042	0.04	0.034	0.028	22.87	16.81	15.2	14.32	13.92	-490	21.85	-1306	15.75	-7999	15.2	-7999	14.5	12.97
9/30/2016 16:00	1	0.033	0.042	0.04	0.034	0.028	24.3	17.43	15.17	14.34	13.91	-458.4	23.53	-1187	15.97	-7999	15.18	-7999	14.5	12.99
9/30/2016 17:00	2	0.034	0.042	0.04	0.034	0.028	25.09	18.39	15.14	14.34	13.92	-431.5	24.88	-1176	16.38	-7999	15.1	-7999	14.5	12.99
9/30/2016 18:00	3	0.034	0.042	0.04	0.034	0.028	24.69	19.1	15.15	14.35	13.91	-421	24.87	-1102	16.84	-7999	15.1	-7999	14.5	12.96
9/30/2016 19:00	4	0.033	0.043	0.04	0.034	0.028	22.85	19.47	15.18	14.35	13.91	-428.6	23.47	-1087	17.25	-7999	15.1	-7999	14.5	12.95
9/30/2016 20:00	5	0.033	0.043	0.04	0.034	0.028	20.65	19.44	15.22	14.36	13.93	-455.1	21.64	-1080	17.54	-7999	15.1	-7999	14.5	12.94
9/30/2016 21:00	6	0.032	0.043	0.04	0.034	0.028	18.85	19.07	15.28	14.36	13.93	-485.7	19.98	-1078	17.68	-7999	15.11	-7999	14.5	12.92
9/30/2016 22:00	7	0.031	0.042	0.04	0.034	0.028	17.75	18.57	15.36	14.37	13.93	-568.6	18.71	-1080	17.63	-7999	15.19	-7999	14.53	12.91
9/30/2016 23:00	8	0.031	0.042	0.04	0.034	0.028	17.18	18.08	15.43	14.37	13.95	-642.2	17.97	-1085	17.49	-7999	15.2	-7999	14.58	12.88
10/1/2016 0:00	9	0.031	0.042	0.04	0.034	0.028	17	17.68	15.5	14.38	13.94	-662	17.61	-1092	17.32	-7999	15.2	-7999	14.6	12.88
10/1/2016 1:00	10	0.031	0.042	0.04	0.034	0.028	16.8	17.39	15.55	14.39	13.96	-685.1	17.35	-1094	17.14	-7999	15.29	-7999	14.6	12.87
10/1/2016 2:00	11	0.03	0.042	0.04	0.034	0.028	16.64	17.16	15.58	14.39	13.96	-699.5	17.14	-1101	16.98	-7999	15.3	-7999	14.6	12.88
10/1/2016 3:00	12	0.03	0.042	0.04	0.034	0.028	16.37	16.96	15.62	14.39	13.96	-718.6	16.92	-1114	16.84	-7999	15.3	-7999	14.6	12.88
10/1/2016 4:00	13	0.03	0.042	0.04	0.034	0.028	16.07	16.78	15.63	14.41	13.97	-738.2	16.66	-1114	16.72	-7999	15.38	-7999	14.6	12.87
10/1/2016 5:00	14	0.03	0.042	0.04	0.034	0.028	15.76	16.58	15.65	14.43	13.97	-755.4	16.36	-1128	16.58	-7999	15.4	-7999	14.6	12.88
10/1/2016 6:00	15	0.03	0.042	0.04	0.034	0.028	15.37	16.39	15.64	14.44	13.98	-768.8	16.03	-1138	16.47	-7999	15.4	-7999	14.6	12.89
10/1/2016 7:00	16	0.03	0.042	0.04	0.034	0.028	15.03	16.19	15.63	14.46	13.99	-790.9	15.73	-1151	16.35	-7999	15.4	-7999	14.6	12.88
10/1/2016 8:00	17	0.03	0.042	0.04	0.034	0.028	14.63	15.98	15.62	14.47	14	-820	15.36	-1161	16.23	-7999	15.4	-7999	14.6	12.88
10/1/2016 9:00	18	0.03	0.042	0.04	0.034	0.028	14.27	15.76	15.61	14.49	14	-833	15.02	-1177	16.08	-7999	15.4	-7999	14.6	12.88
10/1/2016 10:00	19	0.03	0.041	0.04	0.034	0.028	14.41	15.53	15.59	14.49	14	-843	14.97	-1183	15.95	-7999	15.4	-7999	14.64	12.88
10/1/2016 11:00	20	0.03	0.041	0.04	0.034	0.028	14.55	15.41	15.56	14.5	14.01	-846	15.08	-1207	15.82	-7999	15.4	-7999	14.7	12.88
10/1/2016 12:00	21	0.03	0.041	0.04	0.034	0.028	14.47	15.33	15.53	14.52	14.02	-856	15	-1241	15.71	-7999	15.4	-7999	14.7	12.87
10/1/2016 13:00	22	0.03	0.041	0.04	0.034	0.028	15.48	15.28	15.5	14.53	14.01	-836	15.69	-1238	15.62	-7999	15.4	-7999	14.7	12.88
10/1/2016 14:00	23	0.03	0.041	0.04	0.034	0.028	17.58	15.55	15.47	14.54	14.02	-768.8	17.59	-1279	15.6	-7999	15.4	-7999	14.7	12.88
10/1/2016 15:00	24	0.031	0.042	0.04	0.034	0.028	19.24	16.07	15.43	14.54	14.03	-592.4	19.34	-1257	15.66	-7999	15.4	-7999	14.7	12.88
10/1/2016 16:00	25	0.031	0.042	0.04	0.034	0.028	21.19	16.71	15.41	14.55	14.04	-543.2	21.27	-1268	15.83	-7999	15.4	-7999	14.7	12.9
10/1/2016 17:00	26	0.032	0.042	0.04	0.034	0.028	21.94	17.37	15.38	14.55	14.05	-520.8	22.26	-1160	16.08	-7999	15.4	-7999	14.7	12.9
10/1/2016 18:00	27	0.032	0.042	0.04	0.034	0.028	21.37	17.84	15.37	14.55	14.05	-512.9	22.09	-1134	16.38	-7999	15.33	-7999	14.7	12.92
10/1/2016 19:00	28	0.031	0.042	0.04	0.034	0.028	19.4	17.98	15.37	14.55	14.06	-538.3	20.58	-1115	16.64	-7999	15.3	-7999	14.7	12.9
10/1/2016 20:00	29	0.031	0.042	0.04	0.034	0.028	17.17	17.8	15.39	14.56	14.06	-633.5	18.54	-1112	16.79	-7999	15.3	-7999	14.7	12.88
10/1/2016 21:00	30	0.03	0.042	0.04	0.034	0.028	15.04	17.32	15.42	14.56	14.06	-783.2	16.61	-1120	16.8	-7999	15.3	-7999	14.7	12.86
10/1/2016 22:00	31	0.029	0.042	0.04	0.034	0.028	13.37	16.68	15.45	14.56	14.08	-864	15.02	-1123	16.65	-7999	15.3	-7999	14.7	12.84
10/1/2016 23:00	32	0.029	0.042	0.04	0.034	0.028	12.09	15.97	15.49	14.56	14.07	-944	13.69	-1138	16.41	-7999	15.33	-7999	14.7	12.83
10/2/2016 0:00	33	0.029	0.042	0.04	0.034	0.028	11.04	15.3	15.51	14.57	14.09	-1019	12.58	-1168	16.11	-7999	15.4	-7999	14.7	12.81
10/2/2016 1:00	34	0.028	0.041	0.04	0.034	0.028	10.19	14.66	15.52	14.57	14.08	-1097	11.71	-1193	15.76	-7999	15.4	-7999	14.7	12.8
10/2/2016 2:00	35	0.028	0.041	0.04	0.034	0.028	9.54	14.07	15.52	14.57	14.1	-1157	10.99	-1209	15.41	-7999	15.4	-7999	14.7	12.8
10/2/2016 3:00	36	0.027	0.041	0.04	0.034	0.028	8.97	13.55	15.49	14.58	14.09	-1213	10.38	-1371	15.06	-7999	15.4	-7999	14.72	12.81
10/2/2016 4:00	37	0.027	0.041	0.04	0.034	0.028	8.85	13.07	15.46	14.58	14.09	-1251	10.01	-1346	14.72	-7999	15.4	-7999	14.77	12.79
10/2/2016 5:00	38	0.027	0.041	0.04	0.034	0.028	9.18	12.71	15.41	14.59	14.09	-1251	10.14	-1350	14.4	-7999	15.4	-7999	14.8	12.8
10/2/2016 6:00	39	0.027	0.041	0.04	0.034	0.028	9.37	12.48	15.35	14.6	14.1	-1252	10.28	-1413	14.13	-7999	15.4	-7999	14.8	12.8
10/2/2016 7:00	40	0.027	0.041	0.04	0.034	0.028	9.2	12.33	15.28	14.6	14.11	-1254	10.19	-1380	13.9	-7999	15.32	-7999	14.8	12.8
10/2/2016 8:00	41	0.027	0.041	0.04	0.034	0.028	8.73	12.14	15.2	14.59	14.12	-1284	9.77	-1407	13.65	-7999	15.3	-7999	14.8	12.8
10/2/2016 9:00	42	0.027	0.041	0.04	0.034	0.028	8.32	11.92	15.11	14.6	14.11	-1308	9.39	-1518	13.47	-7999	15.3	-7999	14.8	12.81
10/2/2016 10:00	43	0.027	0.041	0.04	0.034	0.028	8.16	11.67	15.03	14.59	14.12	-1335	9.13	-1484	13.28	-7999	15.21	-7999	14.8	12.81
10/2/2016 11:00	44	0.027	0.041	0.04	0.034	0.028	8.79	11.47	14.95	14.6	14.12	-1308	9.46	-1565	13.08	-7999	15.2	-7999	14.8	12.79
10/2/2016 12:00	45	0.027	0.04	0.04	0.034	0.028	9.37	11.41	14.86	14.59	14.12	-1263	9.85	-1681	12.92	-7999	15.13	-7999	14.8	12.8
10/2/2016 13:00	46	0.028	0.04	0.04	0.034	0.028	11.65	11.51	14.77	14.59	14.13	-1164	11.48	-1503	12.8	-7999	15.1	-7999	14.8	12.8
10/2/2016 14:00	47	0.028	0.041	0.04	0.034	0.028	14.67	12.05	14.69	14.57	14.13	-995	14.19	-1418	12.8	-7999	15.01	-7999	14.8	12.85
10/2/2016 15:00	48	0.029	0.041	0.04	0.034	0.028	16.51	12.88	14.6	14.56	14.14	-903	16.03	-1428	12.95	-7999	15	-7999	14.8	12.83
10/2/2016 16:00	49	0.03	0.041	0.04	0.034	0.028	18.6	13.73	14.52	14.55	14.13	-782.4	18.11	-1439	13.23	-7999	14.91	-7999	14.76	12.88
10/2/2016 17:00	50	0.03	0.041	0.04	0.034	0.028	19.62	14.57	14.45	14.53	14.13	-620.6	19.57	-1445	13.63	-7999	14.9	-7999	14.7	12.87
10/2/2016 18:00	51	0.03	0.041	0.04	0.034	0.028	19.23	15.23	14.41	14.52	14.13	-616.1	19.78	-1368	14.08	-7999	14.8	-7999	14.7	12.87
10/2/2016 19:00	52	0.03	0.042	0.04	0.034	0.028	17.35	15.55	14.38	14.5	14.13	-735.4	18.32	-1349	14.45	-7999	14.8	-7999	14.7	12.88
10/2/2016 20:00	53	0.029	0.042	0.04	0.034	0.028	15.19	15.51	14.38	14.48	14.14	-880	16.48	-1305	14.69	-7999	14.73	-7999	14.7	12.85
10/2/2016 21:00	54	0.029	0.042	0.04	0.034	0.028	13.29	15.16	14.39	14.47	14.12	-977	14.71	-1320	14.8	-7999	14.7	-7999	14.7	12.84
10/2/2016 22:00	55	0.028	0.041	0.04	0.034	0.028	12.46	14.67	14.41	14.44	14.13	-1057	13.65	-1334	14.75	-7999	14.7	-7999	14.7	12.8
10/2/2016 23:00	56	0.028	0.041	0.04	0.034	0.028	12.14	14.22	14.44	14.42	14.12	-1113	13.08	-1313	14.59	-7999	14.7	-7999	14.7	12.81
10/3/2016 0:00	57	0.028	0.041	0.04	0.034	0.028	11.86	13.88	14.47	14.41	14.12	-1147	12.74	-1361	14.42	-7999	14.7	-7999	14.7	12.8
10/3/2016 1:00	58	0.028	0.041	0.04	0.034	0.028	11.53	13.6	14.47	14.4	14.11	-1177	12.39	-1410	14.25	-7999	14.7	-7999	14.62	12.8
10/3/2016 2:00	59	0.028	0.041	0.04	0.034	0.028	11.14	13.35	14.48	14.38	14.11	-1225	12.04	-1410	14.1	-7999	14.7	-7999	14.6	12.79
10/3/2016 3:00	60	0.027	0.041	0.04	0.034	0.028	10.81	13.11	14.47	14.37	14.12	-1265	11.7	-1362	13.94	-7999	14.7	-7999	14.6	12.8
10/3/2016 4:00	61	0.027	0.041	0.04	0.034	0.028	10.53	12.86	14.45	14.36	14.1	-1302	11.41	-1429	13.73	-7999	14.7	-7999	14.6	12.8
10/3/2016 5:00	62	0.027	0.041	0.04	0.034	0.028	10.38	12.66	14.43	14.35	14.09	-1322	11.23	-1458	13.57	-7999	14.7	-7999	14.6	12.8
10/3/2016 6:00	63	0.027	0.041	0.04	0.034	0.028	10.12	12.47	14.39	14.34	14.1	-1355	11	-1467	13.43	-7999	14.64	-7999	14.6	12.8
10/3/2016 7:00	64	0.027	0.041	0.04	0.034	0.028	9.54	12.26	14.35	14.33	14.1	-1425	10.57	-1487	13.28	-7999	14.6	-7999	14.6	12.79
10/3/2016 8:00	65	0.027	0.041	0.04	0.034	0.028	8.92	12.03	14.32	14.32	14.08	-1481	10.01	-1519	13.14	-7999	14.6	-7999	14.6	12.77
10/3/2016 9:00	66	0.027	0.041	0.04	0.034	0.028	8.54	11.73	14.27	14.3	14.09	-1520	9.54	-1533	12.98	-7999	14.6	-7999	14.6	12.76
10/3/2016 10:00	67	0.027	0.041	0.04	0.034	0.028	8.46	11.47	14.22	14.3	14.08	-1558	9.34	-1617	12.81	-7999	14.6	-7999	14.6	12.76
10/3/2016 11:00	68	0.027	0.041	0.04	0.034	0.028	9.39	11.28	14.17	14.29	14.08	-1510	9.82	-1713	12.64	-7999	14.52	-7999	14.58	12.76
10/3/2016 12:00	69	0.027	0.041	0.039	0.034	0.028	10.35	11.32	14.11	14.28	14.07	-1448	10.68	-1623	12.5	-7999	14.5	-7999	14.5	12.76
10/3/2016 13:00	70	0.027	0.041	0.039	0.034	0.028	11.48	11.48	14.06	14.26	14.06	-1355	11.5	-1463	12.41	-7999	14.5	-7999	14.5	12.78
10/3/2016 14:00	71	0.028	0.041	0.039	0.034	0.028	13.34	11.8	14	14.25	14.06	-1253	12.94	-1406	12.42	-7999	14.41	-7999	14.5	12.8
10/3/2016 15:00	72	0.028	0.041	0.039	0.034	0.028	13.97	12.31	13.95	14.25	14.05	-1175	13.98	-1521	12.53	-7999	14.4	-7999	14.5	12.8
10/3/2016 16:00	73	0.028	0.041	0.039	0.034	0.028	14.7	12.71	13.9	14.23	14.05	-1147	14.51	-1532	12.71	-7999	14.39	-7999	14.5	12.8
10/3/2016 17:00	74	0.029	0.041	0.039	0.034	0.028	15.45	13.14	13.84	14.21	14.04	-1097	15.36	-1585	12.89	-7999	14.3	-7999	14.5	12.8
10/3/2016 18:00	75	0.029	0.041	0.039	0.034	0.028	15.76	13.53	13.8	14.19	14.04	-1084	15.79	-1579	13.11	-7999	14.3	-7999	14.5	12.81
10/3/2016 19:00	76	0.029	0.041	0.039	0.034	0.028	15.55	13.83	13.78	14.18	14.04	-1077	15.87	-1490	13.33	-7999	14.25	-7999	14.5	12.81
10/3/2016 20:00	77	0.028	0.041	0.039	0.034	0.028	14	13.98	13.77	14.16	14.02	-1150	14.88	-1462	13.53	-7999	14.2	-7999	14.48	12.8
10/3/2016 21:00	78	0.028	0.041	0.039	0.034	0.028	12.17	13.83	13.77	14.13	14.03	-1283	13.35	-1457	13.64	-7999	14.2	-7999	14.4	12.79
10/3/2016 22:00	79	0.027	0.041	0.039	0.034	0.028	10.99	13.44	13.77	14.13	14.01	-1414	12.16	-1444	13.64	-7999	14.2	-7999	14.4	12.78
10/3/2016 23:00	80	0.027	0.041	0.039	0.034	0.028	10.38	13.01	13.78	14.12	14	-1489	11.48	-1468	13.55	-7999	14.2	-7999	14.4	12.77
10/4/2016 0:00	81	0.027	0.041	0.039	0.034	0.028	9.93	12.63	13.78	14.09	14	-1544	10.98	-1504	13.38	-7999	14.2	-7999	14.4	12.76
10/4/2016 1:00	82	0.027	0.041	0.039	0.034	0.028	9.08	12.27	13.79	14.08	13.99	-1648	10.29	-1513	13.19	-7999	14.2	-7999	14.4	12.76
10/4/2016 2:00	83	0.026	0.041	0.039	0.034	0.028	8.09	11.89	13.77	14.06	13.99	-1771	9.38	-1538	13	-7999	14.18	-7999	14.4	12.76
10/4/2016 3:00	84	0.026	0.041	0.039	0.034	0.028	7.273	11.43	13.76	14.04	13.98	-1907	8.62	-1616	12.79	-7999	14.1	-7999	14.4	12.72
10/4/2016 4:00	85	0.026	0.041	0.039	0.034	0.028	6.614	10.99	13.74	14.04	13.98	-2021	7.992	-1748	12.55	-7999	14.1	-7999	14.33	12.72
10/4/2016 5:00	86	0.026	0.04	0.039	0.034	0.028	6.118	10.57	13.71	14.03	13.96	-2121	7.392	-1673	12.3	-7999	14.1	-7999	14.3	12.73
10/4/2016 6:00	87	0.026	0.04	0.039	0.034	0.028	5.69	10.17	13.68	14.01	13.96	-2212	6.95	-1572	12.03	-7999	14.1	-7999	14.3	12.72
10/4/2016 7:00	88	0.026	0.04	0.039	0.034	0.028	5.39	9.82	13.62	14	13.95	-2275	6.617	-1412	11.79	-7999	14.1	-7999	14.3	12.72
10/4/2016 8:00	89	0.025	0.04	0.039	0.034	0.028	4.989	9.51	13.56	13.98	13.95	-2342	6.283	-1421	11.55	-7999	14.03	-7999	14.3	12.73
10/4/2016 9:00	90	0.025	0.04	0.039	0.034	0.028	4.694	9.19	13.49	13.97	13.93	-2429	5.883	-1439	11.31	-7999	14	-7999	14.3	12.73
10/4/2016 10:00	91	0.025	0.04	0.039	0.034	0.028	5.578	8.94	13.43	13.96	13.92	-2305	6.292	-1768	11.08	-7999	14	-7999	14.3	12.72
10/4/2016 11:00	92	0.026	0.039	0.039	0.034	0.028	7.116	8.9	13.35	13.94	13.92	-2081	7.35	-1952	10.88	-7999	13.93	-7999	14.3	12.72
10/4/2016 12:00	93	0.026	0.04	0.039	0.034	0.028	8.56	9.1	13.27	13.93	13.91	-1853	8.63	-1966	10.8	-7999	13.9	-7999	14.28	12.74
10/4/2016 13:00	94	0.026	0.04	0.039	0.034	0.028	9.96	9.47	13.19	13.91	13.9	-1682	9.76	-1955	10.78	-7999	13.84	-7999	14.2	12.76
10/4/2016 14:00	95	0.027	0.04	0.039	0.034	0.028	12.11	9.98	13.11	13.89	13.89	-1479	11.58	-1951	10.83	-7999	13.7	-7999	14.2	12.76
10/4/2016 15:00	96	0.027	0.04	0.039	0.034	0.028	13.2	10.64	13.04	13.87	13.89	-1360	12.84	-1921	11.01	-7999	13.7	-7999	14.2	12.76
10/4/2016 16:00	97	0.027	0.041	0.039	0.034	0.028	14.44	11.29	12.97	13.85	13.87	-1277	14.1	-1874	11.27	-7999	13.6	-7999	14.2	12.78
10/4/2016 17:00	98	0.028	0.041	0.039	0.034	0.028	16.06	11.93	12.92	13.83	13.87	-1169	15.69	-1790	11.57	-7999	13.58	-7999	14.2	12.8
10/4/2016 18:00	99	0.028	0.041	0.039	0.034	0.028	16.31	12.6	12.88	13.81	13.86	-1128	16.58	-1593	11.9	-7999	13.5	-7999	14.2	12.8
10/4/2016 19:00	100	0.028	0.041	0.039	0.034	0.028	14.47	13.02	12.86	13.79	13.86	-1206	15.33	-1372	12.24	-7999	13.5	-7999	14.13	12.8
10/4/2016 20:00	101	0.027	0.041	0.039	0.034	0.028	12.87	13.05	12.85	13.76	13.84	-1340	13.91	-1421	12.5	-7999	13.46	-7999	14.1	12.78
10/4/2016 21:00	102	0.027	0.041	0.039	0.034	0.028	11.36	12.83	12.86	13.73	13.84	-1494	12.53	-1568	12.63	-7999	13.4	-7999	14.1	12.75
10/4/2016 22:00	103	0.027	0.041	0.039	0.034	0.028	9.86	12.46	12.88	13.71	13.82	-1668	11.17	-1597	12.66	-7999	13.4	-7999	14.1	12.77
10/4/2016 23:00	104	0.026	0.041	0.039	0.034	0.028	8.68	11.97	12.9	13.69	13.82	-1861	10.05	-1695	12.56	-7999	13.4	-7999	14.1	12.73
10/5/2016 0:00	105	0.026	0.041	0.039	0.034	0.028	7.895	11.47	12.93	13.67	13.79	-2015	9.16	-1629	12.38	-7999	13.4	-7999	14.06	12.72
10/5/2016 1:00	106	0.026	0.041	0.039	0.034	0.028	7.493	11	12.93	13.66	13.79	-2108	8.64	-1542	12.18	-7999	13.4	-7999	14	12.73
10/5/2016 2:00	107	0.026	0.041	0.039	0.034	0.028	7.235	10.61	12.94	13.64	13.78	-2193	8.33	-1527	11.95	-7999	13.4	-7999	14	12.72
10/5/2016 3:00	108	0.026	0.04	0.039	0.034	0.028	7.193	10.31	12.93	13.61	13.77	-2233	8.18	-1406	11.73	-7999	13.4	-7999	14	12.73
10/5/2016 4:00	109	0.026	0.04	0.039	0.034	0.028	7.125	10.08	12.91	13.6	13.76	-2239	8.06	-1418	11.54	-7999	13.4	-7999	14	12.73
10/5/2016 5:00	110	0.026	0.04	0.039	0.034	0.028	6.926	9.89	12.89	13.59	13.75	-2270	7.892	-1507	11.36	-7999	13.4	-7999	14	12.73
10/5/2016 6:00	111	0.026	0.04	0.039	0.034	0.028	6.712	9.71	12.85	13.57	13.73	-2340	7.65	-1638	11.22	-7999	13.34	-7999	13.98	12.72
10/5/2016 7:00	112	0.025	0.04	0.039	0.034	0.028	6.428	9.54	12.81	13.55	13.72	-2390	7.367	-1924	11.07	-7999	13.3	-7999	13.9	12.72
10/5/2016 8:00	113	0.025	0.04	0.039	0.034	0.027	6.02	9.35	12.77	13.54	13.71	-2451	7.042	-1946	10.93	-7999	13.3	-7999	13.9	12.72
10/5/2016 9:00	114	0.025	0.04	0.039	0.034	0.027	5.778	9.13	12.72	13.52	13.7	-2518	6.733	-1968	10.78	-7999	13.29	-7999	13.9	12.7
10/5/2016 10:00	115	0.025	0.04	0.039	0.034	0.028	5.953	8.93	12.67	13.51	13.7	-2504	6.792	-1990	10.64	-7999	13.2	-7999	13.9	12.72
10/5/2016 11:00	116	0.025	0.04	0.038	0.034	0.027	6.58	8.83	12.61	13.5	13.68	-2417	7.117	-2005	10.5	-7999	13.2	-7999	13.9	12.73
10/5/2016 12:00	117	0.025	0.04	0.038	0.034	0.028	7.034	8.84	12.55	13.49	13.69	-2327	7.483	-2016	10.4	-7999	13.19	-7999	13.9	12.73
10/5/2016 13:00	118	0.026	0.04	0.038	0.034	0.027	8.9	8.94	12.49	13.47	13.66	-2055	8.81	-2021	10.32	-7999	13.1	-7999	13.89	12.72
10/5/2016 14:00	119	0.026	0.04	0.038	0.034	0.028	11.75	9.41	12.45	13.45	13.65	-1683	11.43	-2016	10.34	-7999	13.1	-7999	13.8	12.74
10/5/2016 15:00	120	0.027	0.04	0.038	0.034	0.028	13.93	10.17	12.39	13.42	13.64	-1466	13.29	-1995	10.51	-7999	13.05	-7999	13.78	12.76
10/5/2016 16:00	121	0.027	0.041	0.038	0.033	0.028	15.88	11.04	12.34	13.41	13.63	-1287	15.51	-1944	10.79	-7999	13	-7999	13.7	12.78
10/5/2016 17:00	122	0.028	0.041	0.038	0.033	0.028	16.47	11.91	12.3	13.4	13.61	-1214	16.4	-1883	11.15	-7999	12.98	-7999	13.7	12.76
10/5/2016 18:00	123	0.028	0.041	0.038	0.033	0.028	16.43	12.56	12.27	13.37	13.61	-1197	16.65	-1791	11.56	-7999	12.9	-7999	13.7	12.79
10/5/2016 19:00	124	0.028	0.041	0.038	0.033	0.028	15.2	12.99	12.26	13.35	13.6	-1277	15.83	-1489	11.93	-7999	12.9	-7999	13.7	12.76
10/5/2016 20:00	125	0.027	0.041	0.038	0.033	0.028	13.2	13.07	12.28	13.32	13.59	-1447	14.23	-1371	12.21	-7999	12.9	-7999	13.7	12.76
10/5/2016 21:00	126	0.027	0.041	0.038	0.033	0.028	12	12.85	12.31	13.3	13.58	-1609	12.98	-1561	12.38	-7999	12.9	-7999	13.66	12.74
10/5/2016 22:00	127	0.026	0.041	0.038	0.033	0.028	11.27	12.55	12.36	13.29	13.56	-1727	12.22	-1540	12.4	-7999	12.9	-7999	13.6	12.73
10/5/2016 23:00	128	0.026	0.041	0.038	0.033	0.028	10.37	12.24	12.41	13.26	13.55	-1890	11.44	-1537	12.35	-7999	12.9	-7999	13.6	12.72
10/6/2016 0:00	129	0.026	0.041	0.038	0.033	0.028	9.58	11.9	12.44	13.24	13.53	-2020	10.68	-1606	12.26	-7999	12.9	-7999	13.6	12.73
10/6/2016 1:00	130	0.026	0.041	0.038	0.033	0.028	9.27	11.56	12.49	13.23	13.53	-2105	10.25	-1616	12.14	-7999	12.9	-7999	13.6	12.73
10/6/2016 2:00	131	0.026	0.041	0.038	0.033	0.028	8.86	11.27	12.51	13.21	13.51	-2196	9.8	-1603	12.01	-7999	12.9	-7999	13.6	12.73
10/6/2016 3:00	132	0.026	0.041	0.038	0.033	0.028	8.53	11.01	12.52	13.2	13.5	-2261	9.43	-1439	11.86	-7999	12.9	-7999	13.59	12.73
10/6/2016 4:00	133	0.026	0.041	0.038	0.033	0.028	8.46	10.76	12.54	13.19	13.49	-2342	9.26	-1407	11.73	-7999	12.9	-7999	13.51	12.73
10/6/2016 5:00	134	0.026	0.041	0.038	0.033	0.027	8.38	10.57	12.53	13.18	13.48	-2341	9.13	-1415	11.58	-7999	12.9	-7999	13.5	12.7
10/6/2016 6:00	135	0.026	0.041	0.038	0.033	0.028	8.34	10.42	12.52	13.17	13.48	-2373	9.07	-1425	11.46	-7999	12.9	-7999	13.5	12.72
10/6/2016 7:00	136	0.026	0.04	0.038	0.033	0.028	8.31	10.3	12.5	13.16	13.46	-2392	9	-1478	11.34	-7999	12.9	-7999	13.5	12.7
10/6/2016 8:00	137	0.025	0.04	0.038	0.033	0.028	8.22	10.19	12.48	13.15	13.45	-2412	8.93	-1709	11.25	-7999	12.9	-7999	13.5	12.69
10/6/2016 9:00	138	0.025	0.04	0.038	0.033	0.028	8.16	10.1	12.46	13.14	13.44	-2428	8.84	-1684	11.17	-7999	12.9	-7999	13.5	12.69
10/6/2016 10:00	139	0.025	0.04	0.038	0.033	0.027	8.68	10.03	12.43	13.14	13.42	-2384	9.12	-1851	11.09	-7999	12.9	-7999	13.5	12.69
10/6/2016 11:00	140	0.026	0.04	0.038	0.033	0.028	9.73	10.06	12.39	13.13	13.42	-2174	9.85	-1940	11	-7999	12.9	-7999	13.5	12.73
10/6/2016 12:00	141	0.026	0.04	0.038	0.033	0.028	10.99	10.26	12.36	13.12	13.41	-2002	10.94	-1941	11	-7999	12.85	-7999	13.5	12.72
10/6/2016 13:00	142	0.026	0.041	0.038	0.033	0.028	11.9	10.6	12.34	13.11	13.4	-1877	11.75	-1894	11.05	-7999	12.8	-7999	13.49	12.72
10/6/2016 14:00	143	0.027	0.041	0.038	0.033	0.028	14.02	11.01	12.31	13.11	13.39	-1632	13.47	-1908	11.16	-7999	12.8	-7999	13.4	12.73
10/6/2016 15:00	144	0.027	0.041	0.038	0.033	0.028	14.19	11.63	12.28	13.09	13.37	-1542	14.21	-1806	11.35	-7999	12.8	-7999	13.4	12.72
10/6/2016 16:00	145	0.027	0.041	0.038	0.033	0.028	13.56	12.03	12.26	13.08	13.37	-1599	13.88	-1451	11.59	-7999	12.8	-7999	13.4	12.73
10/6/2016 17:00	146	0.027	0.041	0.038	0.033	0.028	14.91	12.24	12.25	13.07	13.37	-1492	15.01	-1402	11.81	-7999	12.73	-7999	13.4	12.73
10/6/2016 18:00	147	0.027	0.041	0.038	0.033	0.028	14.9	12.56	12.24	13.05	13.36	-1452	15.57	-1389	11.98	-7999	12.7	-7999	13.4	12.75
10/6/2016 19:00	148	0.027	0.041	0.038	0.033	0.028	13.67	12.75	12.25	13.04	13.35	-1543	14.59	-1451	12.18	-7999	12.7	-7999	13.4	12.75
10/6/2016 20:00	149	0.026	0.041	0.038	0.033	0.028	11.77	12.69	12.27	13.03	13.34	-1759	13	-1441	12.33	-7999	12.7	-7999	13.4	12.73
10/6/2016 21:00	150	0.026	0.041	0.038	0.033	0.028	10.16	12.36	12.29	13.02	13.32	-2001	11.49	-1599	12.4	-7999	12.7	-7999	13.4	12.71
10/6/2016 22:00	151	0.026	0.041	0.038	0.033	0.028	9.29	11.91	12.32	13.01	13.32	-2169	10.55	-1641	12.3	-7999	12.7	-7999	13.4	12.7
10/6/2016 23:00	152	0.025	0.041	0.038	0.033	0.028	8.6	11.48	12.35	12.99	13.31	-2354	9.77	-1754	12.15	-7999	12.7	-7999	13.33	12.69
10/7/2016 0:00	153	0.025	0.041	0.038	0.033	0.028	7.995	11.07	12.36	12.99	13.3	-2525	9.13	-1614	11.97	-7999	12.7	-7999	13.3	12.68
10/7/2016 1:00	154	0.025	0.041	0.038	0.033	0.028	7.448	10.69	12.37	12.98	13.3	-2666	8.59	-1515	11.78	-7999	12.7	-7999	13.3	12.69
10/7/2016 2:00	155	0.025	0.041	0.038	0.033	0.028	7.152	10.36	12.39	12.96	13.28	-2823	8.22	-1432	11.57	-7999	12.7	-7999	13.3	12.69
10/7/2016 3:00	156	0.025	0.041	0.038	0.033	0.028	7.094	10.04	12.37	12.97	13.27	-2864	8.02	-1442	11.37	-7999	12.75	-7999	13.3	12.68
10/7/2016 4:00	157	0.025	0.04	0.038	0.033	0.028	7.491	9.83	12.37	12.96	13.26	-2795	8.19	-1506	11.18	-7999	12.73	-7999	13.3	12.69
10/7/2016 5:00	158	0.025	0.04	0.038	0.033	0.028	8.05	9.73	12.34	12.94	13.26	-2683	8.55	-1906	11.03	-7999	12.7	-7999	13.3	12.68
10/7/2016 6:00	159	0.025	0.04	0.038	0.033	0.028	8.4	9.74	12.31	12.94	13.25	-2565	8.84	-1964	10.9	-7999	12.7	-7999	13.3	12.69
10/7/2016 7:00	160	0.025	0.04	0.038	0.033	0.028	8.52	9.78	12.27	12.94	13.25	-2539	9	-1966	10.83	-7999	12.7	-7999	13.3	12.69
10/7/2016 8:00	161	0.025	0.04	0.038	0.033	0.028	8.2	9.8	12.23	12.93	13.23	-2557	8.88	-1976	10.8	-7999	12.7	-7999	13.3	12.69
10/7/2016 9:00	162	0.025	0.04	0.038	0.033	0.028	8.18	9.75	12.19	12.92	13.23	-2596	8.77	-1996	10.78	-7999	12.7	-7999	13.28	12.68
10/7/2016 10:00	163	0.025	0.04	0.038	0.033	0.028	8.67	9.72	12.16	12.92	13.21	-2530	9.05	-1994	10.7	-7999	12.7	-7999	13.2	12.69
10/7/2016 11:00	164	0.025	0.04	0.038	0.033	0.028	9.97	9.8	12.12	12.91	13.21	-2307	10	-1987	10.7	-7999	12.6	-7999	13.2	12.69
10/7/2016 12:00	165	0.026	0.04	0.038	0.033	0.028	11.29	10.07	12.09	12.9	13.2	-2090	11.09	-1992	10.7	-7999	12.6	-7999	13.2	12.7
10/7/2016 13:00	166	0.026	0.041	0.038	0.033	0.028	12.65	10.46	12.06	12.89	13.2	-1906	12.22	-1972	10.78	-7999	12.6	-7999	13.2	12.71
10/7/2016 14:00	167	0.026	0.041	0.038	0.033	0.028	14.57	11.03	12.03	12.88	13.18	-1665	13.9	-1941	10.96	-7999	12.6	-7999	13.2	12.73
10/7/2016 15:00	168	0.027	0.041	0.038	0.033	0.028	15.69	11.68	11.99	12.87	13.19	-1535	15.07	-1901	11.2	-7999	12.51	-7999	13.2	12.72
10/7/2016 16:00	169	0.027	0.041	0.038	0.033	0.028	17.34	12.36	11.99	12.85	13.18	-1389	16.61	-1677	11.52	-7999	12.5	-7999	13.2	12.73
10/7/2016 17:00	170	0.027	0.041	0.038	0.033	0.028	18.17	13.08	11.98	12.84	13.16	-1175	17.75	-1393	11.86	-7999	12.5	-7999	13.2	12.74
10/7/2016 18:00	171	0.027	0.041	0.038	0.033	0.028	18.62	13.7	11.99	12.82	13.17	-917	18.38	-1473	12.25	-7999	12.5	-7999	13.2	12.75
10/7/2016 19:00	172	0.027	0.042	0.038	0.033	0.028	17.89	14.16	12.02	12.82	13.15	-1015	18.01	-1574	12.63	-7999	12.5	-7999	13.2	12.75
10/7/2016 20:00	173	0.027	0.042	0.038	0.033	0.028	16.42	14.38	12.06	12.8	13.13	-1364	16.88	-1588	12.94	-7999	12.5	-7999	13.17	12.73
10/7/2016 21:00	174	0.027	0.042	0.038	0.033	0.028	14.74	14.31	12.11	12.79	13.13	-1504	15.56	-1479	13.17	-7999	12.5	-7999	13.1	12.72
10/7/2016 22:00	175	0.026	0.042	0.038	0.033	0.028	13.05	14.01	12.18	12.78	13.12	-1683	14.13	-1532	13.29	-7999	12.5	-7999	13.1	12.72
10/7/2016 23:00	176	0.026	0.042	0.038	0.033	0.028	11.93	13.57	12.26	12.77	13.11	-1837	12.94	-1451	13.25	-7999	12.5	-7999	13.1	12.69
10/8/2016 0:00	177	0.026	0.041	0.038	0.033	0.028	11.05	13.12	12.31	12.76	13.11	-1995	12.07	-1480	13.14	-7999	12.57	-7999	13.1	12.69
10/8/2016 1:00	178	0.025	0.041	0.038	0.033	0.028	10.33	12.67	12.38	12.76	13.1	-2126	11.36	-1499	12.98	-7999	12.6	-7999	13.1	12.69
10/8/2016 2:00	179	0.025	0.041	0.038	0.033	0.028	9.77	12.27	12.42	12.75	13.1	-2258	10.78	-1611	12.78	-7999	12.6	-7999	13.1	12.68
10/8/2016 3:00	180	0.025	0.041	0.038	0.033	0.028	9.24	11.88	12.46	12.76	13.08	-2367	10.25	-1569	12.58	-7999	12.66	-7999	13.1	12.68
10/8/2016 4:00	181	0.025	0.041	0.038	0.033	0.028	8.83	11.53	12.49	12.75	13.07	-2481	9.77	-1701	12.38	-7999	12.7	-7999	13.1	12.66
10/8/2016 5:00	182	0.025	0.041	0.038	0.033	0.028	8.45	11.21	12.5	12.75	13.07	-2561	9.38	-1780	12.18	-7999	12.7	-7999	13.1	12.65
10/8/2016 6:00	183	0.025	0.041	0.038	0.033	0.028	8.12	10.92	12.49	12.75	13.07	-2657	9.05	-1737	11.98	-7999	12.7	-7999	13.1	12.65
10/8/2016 7:00	184	0.025	0.041	0.038	0.033	0.028	7.849	10.65	12.49	12.76	13.05	-2744	8.78	-1521	11.8	-7999	12.7	-7999	13.1	12.65
10/8/2016 8:00	185	0.025	0.041	0.038	0.033	0.028	7.63	10.41	12.48	12.76	13.05	-2795	8.55	-1506	11.63	-7999	12.7	-7999	13.1	12.65
10/8/2016 9:00	186	0.024	0.041	0.038	0.033	0.028	7.761	10.19	12.45	12.76	13.04	-2875	8.53	-1445	11.45	-7999	12.7	-7999	13.1	12.65
10/8/2016 10:00	187	0.025	0.041	0.038	0.033	0.028	8.28	10.06	12.42	12.76	13.03	-2699	8.77	-1467	11.29	-7999	12.7	-7999	13.1	12.65
10/8/2016 11:00	188	0.025	0.041	0.038	0.033	0.028	9.18	10.05	12.39	12.77	13.02	-2585	9.35	-1486	11.17	-7999	12.7	-7999	13.1	12.67
10/8/2016 12:00	189	0.025	0.041	0.038	0.033	0.028	10.17	10.16	12.35	12.77	13.02	-2399	10.17	-1608	11.1	-7999	12.7	-7999	13.1	12.68
10/8/2016 13:00	190	0.025	0.041	0.038	0.033	0.028	11.8	10.42	12.31	12.77	13.02	-2124	11.51	-1869	11.1	-7999	12.7	-7999	13.1	12.68
10/8/2016 14:00	191	0.026	0.041	0.038	0.033	0.028	14.36	10.96	12.28	12.76	13.03	-1738	13.95	-1780	11.15	-7999	12.7	-7999	13.1	12.71
10/8/2016 15:00	192	0.026	0.041	0.038	0.033	0.028	16.31	11.72	12.24	12.76	13.02	-1527	15.64	-1740	11.38	-7999	12.67	-7999	13.1	12.73
10/8/2016 16:00	193	0.027	0.041	0.038	0.033	0.028	18.57	12.55	12.2	12.76	13.01	-1191	17.68	-1420	11.67	-7999	12.6	-7999	13.1	12.72
10/8/2016 17:00	194	0.027	0.041	0.038	0.033	0.028	19.65	13.44	12.18	12.75	13	-900	19.18	-1432	12.05	-7999	12.6	-7999	13.1	12.72
10/8/2016 18:00	195	0.027	0.042	0.038	0.033	0.028	19.17	14.17	12.18	12.75	13	-884	19.24	-1568	12.48	-7999	12.6	-7999	13.1	12.72
10/8/2016 19:00	196	0.027	0.042	0.038	0.033	0.028	17.8	14.56	12.2	12.75	13	-1001	18.14	-1558	12.88	-7999	12.6	-7999	13.1	12.72
10/8/2016 20:00	197	0.026	0.042	0.038	0.033	0.028	15.92	14.64	12.24	12.74	12.98	-1422	16.69	-1474	13.21	-7999	12.6	-7999	13.1	12.72
10/8/2016 21:00	198	0.026	0.042	0.038	0.033	0.028	14.22	14.42	12.29	12.73	12.99	-1566	15.19	-1459	13.39	-7999	12.6	-7999	13.03	12.7
10/8/2016 22:00	199	0.026	0.042	0.038	0.033	0.028	13	14.06	12.36	12.72	12.99	-1729	14.03	-1548	13.43	-7999	12.6	-7999	13	12.7
10/8/2016 23:00	200	0.025	0.042	0.038	0.033	0.028	12.05	13.63	12.42	12.72	12.98	-1873	13.03	-1466	13.38	-7999	12.6	-7999	13	12.68
10/9/2016 0:00	201	0.025	0.041	0.038	0.033	0.028	11.36	13.22	12.48	12.72	12.98	-1999	12.3	-1467	13.24	-7999	12.64	-7999	13	12.68
10/9/2016 1:00	202	0.025	0.041	0.038	0.033	0.028	10.77	12.82	12.54	12.71	12.98	-2096	11.72	-1487	13.08	-7999	12.7	-7999	13	12.66
10/9/2016 2:00	203	0.025	0.041	0.038	0.033	0.028	10.41	12.46	12.59	12.71	12.97	-2169	11.28	-1512	12.9	-7999	12.7	-7999	13	12.65
10/9/2016 3:00	204	0.025	0.041	0.038	0.033	0.028	10.24	12.16	12.61	12.71	12.96	-2236	11.07	-1569	12.73	-7999	12.7	-7999	13	12.65
10/9/2016 4:00	205	0.025	0.041	0.038	0.033	0.028	9.92	11.93	12.64	12.71	12.96	-2318	10.78	-1521	12.55	-7999	12.78	-7999	13	12.66
10/9/2016 5:00	206	0.024	0.041	0.038	0.033	0.028	9.64	11.69	12.65	12.72	12.96	-2385	10.49	-1633	12.4	-7999	12.8	-7999	13	12.65
10/9/2016 6:00	207	0.024	0.041	0.038	0.033	0.028	9.33	11.47	12.65	12.72	12.95	-2465	10.16	-1657	12.25	-7999	12.8	-7999	13	12.64
10/9/2016 7:00	208	0.024	0.041	0.038	0.033	0.028	8.95	11.25	12.65	12.73	12.94	-2558	9.78	-1745	12.1	-7999	12.8	-7999	13	12.64
10/9/2016 8:00	209	0.024	0.041	0.038	0.033	0.028	8.57	11.04	12.63	12.73	12.94	-2616	9.43	-1830	11.96	-7999	12.8	-7999	13	12.65
10/9/2016 9:00	210	0.024	0.041	0.038	0.033	0.028	8.32	10.79	12.61	12.74	12.95	-2707	9.16	-1814	11.82	-7999	12.8	-7999	13	12.65
10/9/2016 10:00	211	0.024	0.041	0.038	0.033	0.028	8.36	10.6	12.59	12.74	12.94	-2770	9.1	-1823	11.66	-7999	12.8	-7999	13	12.65
10/9/2016 11:00	212	0.024	0.041	0.038	0.033	0.028	8.9	10.46	12.56	12.74	12.93	-2639	9.36	-1556	11.53	-7999	12.8	-7999	13	12.65
10/9/2016 12:00	213	0.024	0.041	0.038	0.033	0.028	9.83	10.46	12.53	12.75	12.94	-2495	10.03	-1452	11.42	-7999	12.8	-7999	13	12.65
10/9/2016 13:00	214	0.024	0.041	0.038	0.033	0.028	11.84	10.61	12.49	12.76	12.93	-2209	11.47	-1449	11.36	-7999	12.8	-7999	13	12.65
10/9/2016 14:00	215	0.025	0.041	0.038	0.033	0.028	14.47	11.14	12.45	12.75	12.93	-1780	13.91	-1448	11.38	-7999	12.8	-7999	13	12.69
10/9/2016 15:00	216	0.025	0.041	0.038	0.033	0.028	16.01	11.9	12.41	12.76	12.93	-1585	15.42	-1427	11.58	-7999	12.73	-7999	13	12.69
10/9/2016 16:00	217	0.026	0.041	0.038	0.033	0.028	18.26	12.66	12.38	12.75	12.93	-1155	17.57	-1445	11.85	-7999	12.7	-7999	13	12.71
10/9/2016 17:00	218	0.026	0.041	0.038	0.033	0.027	19.15	13.49	12.36	12.75	12.93	-916	18.93	-1556	12.21	-7999	12.7	-7999	13	12.72
10/9/2016 18:00	219	0.026	0.042	0.038	0.033	0.027	18.96	14.16	12.35	12.75	12.92	-901	19.07	-1639	12.62	-7999	12.7	-7999	13	12.72
10/9/2016 19:00	220	0.026	0.042	0.038	0.033	0.027	17.75	14.55	12.37	12.74	12.92	-976	18.13	-1531	13	-7999	12.7	-7999	13	12.71
10/9/2016 20:00	221	0.026	0.042	0.038	0.033	0.027	15.92	14.64	12.41	12.74	12.92	-1402	16.7	-1460	13.3	-7999	12.7	-7999	13	12.69
10/9/2016 21:00	222	0.025	0.042	0.038	0.033	0.027	14.32	14.47	12.45	12.73	12.92	-1573	15.29	-1391	13.48	-7999	12.7	-7999	13	12.68
10/9/2016 22:00	223	0.025	0.042	0.038	0.033	0.028	13.39	14.13	12.51	12.73	12.92	-1721	14.33	-1445	13.5	-7999	12.7	-7999	13	12.64
10/9/2016 23:00	224	0.025	0.042	0.038	0.033	0.028	12.7	13.78	12.57	12.73	12.91	-1806	13.55	-1434	13.48	-7999	12.7	-7999	13	12.64
10/10/2016 0:00	225	0.025	0.042	0.038	0.033	0.028	12.17	13.44	12.63	12.72	12.91	-1906	12.98	-1530	13.37	-7999	12.7	-7999	13	12.64
10/10/2016 1:00	226	0.024	0.041	0.038	0.033	0.028	11.49	13.14	12.67	12.72	12.91	-2014	12.39	-1445	13.23	-7999	12.8	-7999	13	12.64
10/10/2016 2:00	227	0.024	0.041	0.038	0.033	0.028	11	12.83	12.73	12.73	12.9	-2105	11.86	-1526	13.08	-7999	12.8	-7999	13	12.64
10/10/2016 3:00	228	0.024	0.041	0.038	0.033	0.028	10.59	12.53	12.75	12.72	12.9	-2189	11.45	-1502	12.93	-7999	12.8	-7999	13	12.65
10/10/2016 4:00	229	0.024	0.041	0.038	0.033	0.028	10.29	12.25	12.76	12.72	12.9	-2240	11.14	-1514	12.77	-7999	12.83	-7999	13	12.64
10/10/2016 5:00	230	0.023	0.041	0.038	0.033	0.028	10.15	12.01	12.79	12.73	12.88	-2328	10.94	-1636	12.63	-7999	12.9	-7999	13	12.64
10/10/2016 6:00	231	0.023	0.041	0.038	0.033	0.028	10.08	11.81	12.79	12.73	12.89	-2359	10.8	-1519	12.47	-7999	12.9	-7999	13	12.62
10/10/2016 7:00	232	0.023	0.041	0.038	0.033	0.028	10.3	11.65	12.78	12.74	12.88	-2321	10.87	-1594	12.34	-7999	12.9	-7999	13	12.62
10/10/2016 8:00	233	0.023	0.041	0.038	0.033	0.028	10.53	11.58	12.76	12.75	12.88	-2276	11.06	-1664	12.23	-7999	12.9	-7999	13	12.65
10/10/2016 9:00	234	0.023	0.041	0.038	0.033	0.028	10.61	11.55	12.75	12.75	12.89	-2286	11.11	-1678	12.13	-7999	12.9	-7999	13	12.64
10/10/2016 10:00	235	0.024	0.041	0.038	0.033	0.028	11.23	11.53	12.73	12.76	12.88	-2206	11.47	-1739	12.1	-7999	12.9	-7999	13	12.64
10/10/2016 11:00	236	0.024	0.041	0.038	0.033	0.028	12.26	11.62	12.7	12.76	12.89	-2056	12.27	-1820	12.02	-7999	12.9	-7999	13	12.64
10/10/2016 12:00	237	0.024	0.041	0.038	0.033	0.027	12.36	11.84	12.68	12.76	12.87	-2018	12.53	-1820	12.07	-7999	12.9	-7999	13	12.64
10/10/2016 13:00	238	0.024	0.041	0.038	0.033	0.027	13.1	12	12.66	12.77	12.88	-1921	13.05	-1807	12.1	-7999	12.9	-7999	13	12.65
10/10/2016 14:00	239	0.025	0.041	0.038	0.033	0.027	14.97	12.33	12.63	12.77	12.89	-1701	14.64	-1794	12.18	-7999	12.9	-7999	13	12.64
10/10/2016 15:00	240	0.025	0.041	0.038	0.033	0.027	15.29	12.82	12.62	12.77	12.89	-1584	15.3	-1702	12.35	-7999	12.9	-7999	13	12.65
10/10/2016 16:00	241	0.025	0.041	0.038	0.033	0.027	15.97	13.17	12.61	12.77	12.88	-1542	15.87	-1484	12.55	-7999	12.83	-7999	13	12.65
10/10/2016 17:00	242	0.025	0.041	0.038	0.033	0.027	16.76	13.5	12.6	12.78	12.88	-1449	16.78	-1545	12.73	-7999	12.8	-7999	13	12.66
10/10/2016 18:00	243	0.025	0.042	0.038	0.033	0.027	16.89	13.83	12.6	12.76	12.88	-1367	17.09	-1556	12.93	-7999	12.8	-7999	13	12.66
10/10/2016 19:00	244	0.025	0.042	0.038	0.033	0.027	15.95	14.04	12.62	12.77	12.87	-1476	16.36	-1499	13.14	-7999	12.8	-7999	13	12.67
10/10/2016 20:00	245	0.025	0.042	0.038	0.033	0.027	14.48	14.06	12.65	12.76	12.88	-1594	15.25	-1460	13.32	-7999	12.8	-7999	13	12.64
10/10/2016 21:00	246	0.024	0.042	0.038	0.033	0.027	13.21	13.87	12.68	12.77	12.87	-1730	14.12	-1420	13.4	-7999	12.8	-7999	13	12.64
10/10/2016 22:00	247	0.024	0.042	0.038	0.033	0.027	12.73	13.59	12.71	12.76	12.88	-1837	13.43	-1413	13.4	-7999	12.86	-7999	13	12.64
10/10/2016 23:00	248	0.024	0.042	0.038	0.033	0.027	12.48	13.33	12.75	12.76	12.88	-1897	13.13	-1442	13.3	-7999	12.9	-7999	13	12.64
10/11/2016 0:00	249	0.023	0.041	0.038	0.033	0.027	12.14	13.11	12.78	12.77	12.88	-1963	12.79	-1461	13.2	-7999	12.9	-7999	13	12.63
10/11/2016 1:00	250	0.023	0.041	0.038	0.033	0.027	11.83	12.92	12.8	12.76	12.87	-2017	12.49	-1523	13.11	-7999	12.9	-7999	13	12.61
10/11/2016 2:00	251	0.023	0.041	0.039	0.033	0.027	11.57	12.74	12.83	12.76	12.87	-2053	12.22	-1492	13.01	-7999	12.9	-7999	13	12.6
10/11/2016 3:00	252	0.023	0.041	0.039	0.033	0.027	11.16	12.57	12.85	12.77	12.86	-2121	11.93	-1544	12.91	-7999	12.9	-7999	13	12.6
10/11/2016 4:00	253	0.023	0.041	0.039	0.033	0.027	10.42	12.36	12.85	12.77	12.88	-2230	11.34	-1572	12.81	-7999	12.9	-7999	13	12.61
10/11/2016 5:00	254	0.023	0.041	0.039	0.033	0.027	9.52	12.09	12.84	12.77	12.87	-2423	10.63	-1584	12.68	-7999	12.98	-7999	13	12.61
10/11/2016 6:00	255	0.023	0.041	0.039	0.033	0.027	8.68	11.74	12.85	12.78	12.86	-2587	9.83	-1577	12.54	-7999	13	-7999	13	12.61
10/11/2016 7:00	256	0.022	0.041	0.039	0.033	0.027	7.916	11.37	12.83	12.78	12.87	-2828	9.12	-1605	12.36	-7999	13	-7999	13	12.59
10/11/2016 8:00	257	0.022	0.041	0.039	0.033	0.027	7.305	10.98	12.82	12.79	12.86	-3036	8.55	-1670	12.16	-7999	13	-7999	13	12.57
10/11/2016 9:00	258	0.022	0.041	0.039	0.033	0.027	6.791	10.6	12.79	12.79	12.86	-3233	8.03	-1670	11.93	-7999	13	-7999	13	12.57
10/11/2016 10:00	259	0.022	0.041	0.039	0.033	0.027	6.511	10.24	12.76	12.8	12.86	-3424	7.658	-1830	11.71	-7999	13	-7999	13	12.57
10/11/2016 11:00	260	0.022	0.041	0.039	0.033	0.027	6.903	9.95	12.73	12.79	12.86	-3359	7.733	-1813	11.49	-7999	12.92	-7999	13	12.57
10/11/2016 12:00	261	0.022	0.041	0.038	0.033	0.027	7.56	9.8	12.68	12.8	12.86	-3223	8.16	-1580	11.28	-7999	12.9	-7999	13.01	12.58
10/11/2016 13:00	262	0.022	0.041	0.038	0.033	0.027	8.81	9.78	12.63	12.8	12.86	-2934	8.98	-1570	11.13	-7999	12.9	-7999	13.03	12.6
10/11/2016 14:00	263	0.023	0.041	0.038	0.033	0.027	10.64	10.04	12.58	12.79	12.87	-2476	10.68	-1490	11.05	-7999	12.9	-7999	13.03	12.6
10/11/2016 15:00	264	0.023	0.041	0.038	0.033	0.027	11.51	10.47	12.52	12.79	12.86	-2245	11.56	-1483	11.1	-7999	12.9	-7999	13.03	12.61
10/11/2016 16:00	265	0.023	0.041	0.038	0.033	0.027	13.34	10.9	12.47	12.8	12.87	-1902	13.39	-1458	11.2	-7999	12.82	-7999	13.03	12.61
10/11/2016 17:00	266	0.023	0.041	0.038	0.033	0.027	14	11.42	12.41	12.79	12.86	-1749	14.27	-1510	11.35	-7999	12.8	-7999	13	12.64
10/11/2016 18:00	267	0.023	0.041	0.038	0.033	0.027	13.7	11.81	12.37	12.78	12.86	-1737	14.33	-1602	11.57	-7999	12.8	-7999	13.01	12.65
10/11/2016 19:00	268	0.023	0.041	0.038	0.033	0.027	12.3	11.98	12.35	12.78	12.86	-1895	13.18	-1653	11.76	-7999	12.73	-7999	13	12.62
10/11/2016 20:00	269	0.023	0.041	0.038	0.033	0.027	10.47	11.91	12.34	12.77	12.86	-2158	11.7	-1778	11.89	-7999	12.7	-7999	13	12.6
10/11/2016 21:00	270	0.022	0.041	0.038	0.033	0.027	8.7	11.59	12.34	12.76	12.86	-2493	10.18	-1758	11.9	-7999	12.7	-7999	13	12.58
10/11/2016 22:00	271	0.022	0.041	0.038	0.033	0.027	7.375	11.11	12.34	12.76	12.85	-2931	8.89	-1796	11.84	-7999	12.7	-7999	13	12.57
10/11/2016 23:00	272	0.022	0.041	0.038	0.033	0.027	6.402	10.59	12.35	12.74	12.85	-3270	7.942	-1825	11.65	-7999	12.7	-7999	13	12.57
10/12/2016 0:00	273	0.022	0.041	0.038	0.033	0.027	5.604	10.09	12.35	12.73	12.85	-3672	7.083	-1733	11.43	-7999	12.7	-7999	13	12.57
10/12/2016 1:00	274	0.021	0.041	0.038	0.033	0.027	4.94	9.6	12.34	12.73	12.84	-4127	6.433	-1667	11.17	-7999	12.7	-7999	13	12.54
10/12/2016 2:00	275	0.021	0.04	0.038	0.033	0.027	4.427	9.15	12.32	12.72	12.85	-4426	5.825	-1560	10.9	-7999	12.69	-7999	13	12.56
10/12/2016 3:00	276	0.021	0.04	0.038	0.033	0.027	3.967	8.74	12.29	12.71	12.84	-4822	5.358	-1550	10.63	-7999	12.6	-7999	13	12.54
10/12/2016 4:00	277	0.021	0.04	0.038	0.033	0.027	3.553	8.36	12.25	12.71	12.84	-5256	4.95	-1738	10.38	-7999	12.6	-7999	13	12.53
10/12/2016 5:00	278	0.021	0.04	0.038	0.033	0.027	3.168	8.02	12.21	12.7	12.83	-5621	4.55	-2008	10.08	-7999	12.6	-7999	13	12.53
10/12/2016 6:00	279	0.021	0.04	0.038	0.033	0.027	2.874	7.696	12.14	12.69	12.83	-5862	4.192	-2129	9.8	-7999	12.6	-7999	13	12.52
10/12/2016 7:00	280	0.021	0.039	0.038	0.033	0.027	2.552	7.397	12.07	12.68	12.83	-6304	3.9	-2168	9.55	-7999	12.55	-7999	13	12.54
10/12/2016 8:00	281	0.021	0.039	0.038	0.033	0.027	2.247	7.111	12	12.67	12.83	-6899	3.6	-2185	9.33	-7999	12.5	-7999	13	12.53
10/12/2016 9:00	282	0.021	0.039	0.038	0.033	0.027	2.058	6.84	11.93	12.67	12.82	-7040	3.375	-2221	9.11	-7999	12.5	-7999	12.98	12.53
10/12/2016 10:00	283	0.021	0.04	0.038	0.033	0.027	2.187	6.604	11.84	12.65	12.82	-7244	3.317	-2253	8.9	-7999	12.41	-7999	12.9	12.54
10/12/2016 11:00	284	0.021	0.039	0.038	0.033	0.027	2.825	6.452	11.76	12.64	12.81	-6627	3.675	-2278	8.71	-7999	12.4	-7999	12.9	12.52
10/12/2016 12:00	285	0.021	0.039	0.038	0.033	0.027	3.764	6.428	11.68	12.63	12.81	-5953	4.3	-2327	8.56	-7999	12.33	-7999	12.9	12.56
10/12/2016 13:00	286	0.021	0.04	0.038	0.033	0.027	5.609	6.55	11.58	12.6	12.81	-4741	5.558	-2347	8.45	-7999	12.3	-7999	12.9	12.57
10/12/2016 14:00	287	0.022	0.039	0.038	0.033	0.027	8.32	6.976	11.5	12.59	12.8	-3410	7.933	-2343	8.42	-7999	12.2	-7999	12.9	12.57
10/12/2016 15:00	288	0.022	0.039	0.038	0.033	0.027	10.21	7.681	11.41	12.57	12.79	-2746	9.66	-2310	8.55	-7999	12.18	-7999	12.9	12.6
10/12/2016 16:00	289	0.023	0.04	0.038	0.033	0.027	12.33	8.43	11.33	12.56	12.78	-2229	11.72	-2246	8.78	-7999	12.1	-7999	12.9	12.6
10/12/2016 17:00	290	0.023	0.04	0.038	0.033	0.027	13.55	9.27	11.25	12.53	12.77	-1920	13.19	-2172	9.08	-7999	12.05	-7999	12.9	12.6
10/12/2016 18:00	291	0.023	0.041	0.038	0.033	0.027	13.5	9.98	11.21	12.51	12.78	-1854	13.5	-2099	9.45	-7999	12	-7999	12.83	12.63
10/12/2016 19:00	292	0.023	0.041	0.038	0.033	0.027	12.32	10.41	11.19	12.48	12.76	-1973	12.74	-2034	9.83	-7999	11.95	-7999	12.8	12.61
10/12/2016 20:00	293	0.023	0.041	0.038	0.033	0.027	10.48	10.55	11.17	12.46	12.76	-2223	11.43	-1960	10.18	-7999	11.9	-7999	12.8	12.61
10/12/2016 21:00	294	0.022	0.041	0.038	0.033	0.027	8.97	10.41	11.17	12.43	12.75	-2543	10.11	-1977	10.38	-7999	11.9	-7999	12.8	12.58
10/12/2016 22:00	295	0.022	0.041	0.038	0.033	0.027	7.887	10.1	11.18	12.42	12.74	-2888	9.06	-1975	10.4	-7999	11.85	-7999	12.8	12.57
10/12/2016 23:00	296	0.022	0.041	0.038	0.033	0.027	7.116	9.74	11.2	12.38	12.73	-3147	8.3	-1980	10.38	-7999	11.8	-7999	12.76	12.57
10/13/2016 0:00	297	0.022	0.041	0.038	0.033	0.027	6.569	9.39	11.22	12.36	12.73	-3399	7.692	-1987	10.27	-7999	11.8	-7999	12.7	12.56
10/13/2016 1:00	298	0.021	0.04	0.038	0.033	0.027	6.248	9.08	11.23	12.34	12.7	-3606	7.25	-2019	10.09	-7999	11.8	-7999	12.7	12.57
10/13/2016 2:00	299	0.021	0.04	0.038	0.033	0.027	5.956	8.82	11.24	12.32	12.7	-3782	6.958	-2048	9.93	-7999	11.8	-7999	12.7	12.55
10/13/2016 3:00	300	0.021	0.04	0.038	0.033	0.027	5.787	8.59	11.25	12.31	12.69	-4007	6.733	-2079	9.75	-7999	11.8	-7999	12.7	12.56
10/13/2016 4:00	301	0.021	0.04	0.038	0.033	0.027	5.629	8.39	11.24	12.29	12.67	-4116	6.55	-2100	9.62	-7999	11.8	-7999	12.7	12.53
10/13/2016 5:00	302	0.021	0.04	0.038	0.033	0.027	5.489	8.21	11.22	12.27	12.66	-4156	6.425	-2123	9.47	-7999	11.8	-7999	12.61	12.55
10/13/2016 6:00	303	0.021	0.04	0.038	0.033	0.027	5.462	8.06	11.2	12.26	12.66	-4291	6.3	-2135	9.37	-7999	11.8	-7999	12.6	12.56
10/13/2016 7:00	304	0.021	0.04	0.038	0.033	0.027	5.655	7.949	11.17	12.24	12.64	-4205	6.383	-2148	9.25	-7999	11.8	-7999	12.6	12.56
10/13/2016 8:00	305	0.021	0.04	0.038	0.033	0.027	6.244	7.902	11.14	12.22	12.63	-4037	6.75	-2169	9.17	-7999	11.74	-7999	12.6	12.57
10/13/2016 9:00	306	0.021	0.04	0.038	0.033	0.027	6.799	7.944	11.1	12.21	12.63	-3789	7.167	-2186	9.1	-7999	11.7	-7999	12.6	12.57
10/13/2016 10:00	307	0.022	0.04	0.038	0.033	0.027	7.612	8.06	11.07	12.2	12.61	-3428	7.808	-2189	9.1	-7999	11.7	-7999	12.6	12.57
10/13/2016 11:00	308	0.022	0.04	0.038	0.033	0.027	8.84	8.27	11.03	12.18	12.61	-3088	8.72	-2185	9.1	-7999	11.7	-7999	12.59	12.57
10/13/2016 12:00	309	0.022	0.04	0.038	0.033	0.027	10.35	8.62	10.99	12.17	12.6	-2660	9.97	-2176	9.15	-7999	11.69	-7999	12.5	12.56
10/13/2016 13:00	310	0.022	0.04	0.038	0.033	0.027	11.71	9.11	10.97	12.15	12.58	-2348	11.25	-2140	9.29	-7999	11.6	-7999	12.5	12.55
10/13/2016 14:00	311	0.023	0.041	0.038	0.033	0.027	12.54	9.65	10.93	12.14	12.57	-2121	12.05	-2090	9.49	-7999	11.6	-7999	12.5	12.56
10/13/2016 15:00	312	0.023	0.041	0.038	0.033	0.027	13.05	10.17	10.91	12.12	12.57	-2006	12.73	-2053	9.76	-7999	11.6	-7999	12.5	12.58
10/13/2016 16:00	313	0.023	0.041	0.038	0.033	0.027	12.69	10.59	10.91	12.1	12.55	-2027	12.74	-2025	10.06	-7999	11.6	-7999	12.5	12.56
10/13/2016 17:00	314	0.023	0.041	0.038	0.033	0.027	12.04	10.83	10.9	12.08	12.55	-2092	12.38	-1994	10.35	-7999	11.51	-7999	12.5	12.57
10/13/2016 18:00	315	0.022	0.041	0.038	0.033	0.027	11.3	10.93	10.92	12.07	12.54	-2169	11.83	-1716	10.55	-7999	11.5	-7999	12.5	12.56
10/13/2016 19:00	316	0.022	0.041	0.038	0.033	0.027	10.66	10.88	10.94	12.05	12.53	-2312	11.3	-1491	10.68	-7999	11.5	-7999	12.41	12.57
10/13/2016 20:00	317	0.022	0.041	0.038	0.033	0.027	10.15	10.77	10.96	12.03	12.51	-2440	10.83	-1460	10.75	-7999	11.5	-7999	12.4	12.57
10/13/2016 21:00	318	0.022	0.041	0.038	0.033	0.027	9.95	10.63	10.99	12.02	12.51	-2532	10.57	-1467	10.8	-7999	11.5	-7999	12.4	12.57
10/13/2016 22:00	319	0.022	0.041	0.038	0.033	0.027	9.94	10.52	11	12.01	12.49	-2559	10.5	-1476	10.79	-7999	11.5	-7999	12.4	12.57
10/13/2016 23:00	320	0.022	0.041	0.038	0.033	0.027	10	10.45	11.05	12	12.47	-2534	10.5	-1490	10.7	-7999	11.5	-7999	12.4	12.57
10/14/2016 0:00	321	0.022	0.041	0.038	0.033	0.027	10.07	10.43	11.07	11.98	12.47	-2546	10.51	-1493	10.7	-7999	11.53	-7999	12.4	12.57
10/14/2016 1:00	322	0.022	0.041	0.038	0.033	0.027	10.14	10.42	11.09	11.97	12.45	-2515	10.6	-1508	10.7	-7999	11.6	-7999	12.4	12.56
10/14/2016 2:00	323	0.022	0.041	0.038	0.033	0.027	10.3	10.41	11.1	11.96	12.46	-2495	10.68	-1505	10.7	-7999	11.6	-7999	12.4	12.57
10/14/2016 3:00	324	0.022	0.041	0.038	0.033	0.027	10.45	10.44	11.12	11.96	12.44	-2486	10.78	-1506	10.7	-7999	11.6	-7999	12.32	12.56
10/14/2016 4:00	325	0.022	0.041	0.038	0.033	0.027	10.58	10.48	11.13	11.95	12.44	-2444	10.9	-1510	10.7	-7999	11.6	-7999	12.3	12.56
10/14/2016 5:00	326	0.022	0.041	0.038	0.033	0.027	10.61	10.53	11.15	11.94	12.42	-2394	11	-1512	10.79	-7999	11.6	-7999	12.3	12.56
10/14/2016 6:00	327	0.022	0.041	0.038	0.033	0.027	10.67	10.57	11.15	11.94	12.41	-2385	11.03	-1508	10.8	-7999	11.6	-7999	12.3	12.57
10/14/2016 7:00	328	0.022	0.041	0.038	0.033	0.027	10.76	10.62	11.16	11.93	12.4	-2365	11.1	-1508	10.8	-7999	11.6	-7999	12.3	12.56
10/14/2016 8:00	329	0.022	0.041	0.038	0.033	0.027	10.8	10.65	11.16	11.93	12.39	-2346	11.18	-1502	10.8	-7999	11.6	-7999	12.3	12.56
10/14/2016 9:00	330	0.022	0.041	0.038	0.033	0.027	10.45	10.68	11.18	11.92	12.38	-2354	11.03	-1485	10.9	-7999	11.6	-7999	12.3	12.57
10/14/2016 10:00	331	0.022	0.041	0.038	0.033	0.027	9.57	10.64	11.19	11.9	12.38	-2433	10.44	-1442	10.9	-7999	11.6	-7999	12.3	12.56
10/14/2016 11:00	332	0.024	0.04	0.038	0.033	0.027	9.08	10.49	11.2	11.91	12.37	-2453	9.88	-1482	10.9	-7999	11.6	-7999	12.3	12.55
10/14/2016 12:00	333	0.025	0.04	0.038	0.033	0.027	9.07	10.3	11.21	11.91	12.37	-2155	9.7	-1484	10.81	-7999	11.6	-7999	12.3	12.53
10/14/2016 13:00	334	0.027	0.04	0.038	0.033	0.027	9.33	10.2	11.22	11.9	12.36	-848	9.85	-1498	10.78	-7999	11.6	-7999	12.3	12.53
10/14/2016 14:00	335	0.03	0.04	0.038	0.033	0.027	9.49	10.16	11.22	11.9	12.35	-176.2	9.95	-1510	10.7	-7999	11.6	-7999	12.3	12.53
10/14/2016 15:00	336	0.033	0.04	0.038	0.033	0.027	9.96	10.18	11.22	11.89	12.34	-65.1	10.36	-1519	10.7	-7999	11.6	-7999	12.3	12.52
10/14/2016 16:00	337	0.036	0.04	0.038	0.033	0.027	10.34	10.28	11.23	11.9	12.34	-47.62	10.72	-1526	10.7	-7999	11.6	-7999	12.3	12.53
10/14/2016 17:00	338	0.038	0.04	0.038	0.033	0.027	10.46	10.41	11.23	11.89	12.33	-42.55	10.88	-1531	10.7	-7999	11.62	-7999	12.3	12.53
10/14/2016 18:00	339	0.04	0.04	0.038	0.033	0.027	10.48	10.51	11.22	11.9	12.32	-40.71	10.92	-1525	10.74	-7999	11.66	-7999	12.3	12.53
10/14/2016 19:00	340	0.041	0.04	0.038	0.033	0.027	10.25	10.56	11.23	11.88	12.32	-39.83	10.8	-1518	10.8	-7999	11.65	-7999	12.3	12.52
10/14/2016 20:00	341	0.042	0.04	0.038	0.033	0.027	9.71	10.54	11.22	11.89	12.31	-39	10.38	-1551	10.8	-7999	11.66	-7999	12.3	12.52
10/14/2016 21:00	342	0.043	0.04	0.038	0.033	0.027	9.26	10.4	11.23	11.88	12.3	-38.73	9.92	-1549	10.8	-7999	11.64	-7999	12.27	12.52
10/14/2016 22:00	343	0.044	0.04	0.038	0.033	0.027	8.83	10.23	11.23	11.88	12.31	-38.72	9.48	-1525	10.8	-7999	11.68	-7999	12.2	12.53
10/14/2016 23:00	344	0.044	0.039	0.038	0.033	0.027	8.71	10.05	11.23	11.88	12.29	-38.88	9.26	-1540	10.73	-7999	11.69	-7999	12.2	12.53
10/15/2016 0:00	345	0.045	0.039	0.038	0.033	0.027	8.6	9.89	11.23	11.87	12.27	-39.18	9.15	-1552	10.66	-7999	11.7	-7999	12.2	12.52
10/15/2016 1:00	346	0.045	0.039	0.038	0.033	0.027	8.52	9.78	11.23	11.87	12.28	-39.54	9.07	-1551	10.58	-7999	11.7	-7999	12.2	12.54
10/15/2016 2:00	347	0.045	0.04	0.038	0.033	0.027	8.39	9.68	11.23	11.87	12.27	-39.89	8.95	-1597	10.5	-7999	11.7	-7999	12.2	12.53
10/15/2016 3:00	348	0.046	0.039	0.038	0.033	0.027	8.29	9.59	11.22	11.87	12.27	-40.13	8.83	-1561	10.43	-7999	11.7	-7999	12.2	12.51
10/15/2016 4:00	349	0.046	0.04	0.038	0.033	0.027	8.24	9.5	11.21	11.87	12.26	-40.34	8.8	-1723	10.38	-7999	11.63	-7999	12.2	12.52
10/15/2016 5:00	350	0.047	0.04	0.038	0.033	0.027	8.15	9.42	11.19	11.86	12.27	-40.52	8.7	-1766	10.3	-7999	11.6	-7999	12.2	12.51
10/15/2016 6:00	351	0.047	0.04	0.038	0.033	0.027	7.948	9.34	11.18	11.86	12.26	-40.69	8.56	-1725	10.25	-7999	11.6	-7999	12.2	12.52
10/15/2016 7:00	352	0.047	0.04	0.038	0.033	0.027	7.585	9.23	11.17	11.86	12.26	-40.88	8.27	-1936	10.2	-7999	11.6	-7999	12.2	12.52
10/15/2016 8:00	353	0.047	0.039	0.038	0.033	0.027	7.478	9.09	11.15	11.85	12.25	-41.08	8.1	-1954	10.07	-7999	11.6	-7999	12.2	12.51
10/15/2016 9:00	354	0.047	0.04	0.038	0.033	0.027	7.45	8.97	11.13	11.85	12.24	-41.24	8.01	-2083	9.97	-7999	11.6	-7999	12.2	12.5
10/15/2016 10:00	355	0.048	0.039	0.038	0.033	0.027	7.904	8.89	11.11	11.85	12.24	-41.46	8.28	-2106	9.9	-7999	11.6	-7999	12.2	12.5
10/15/2016 11:00	356	0.048	0.04	0.038	0.033	0.027	8.68	8.97	11.09	11.84	12.23	-41.64	8.86	-2112	9.83	-7999	11.6	-7999	12.2	12.51
10/15/2016 12:00	357	0.049	0.04	0.038	0.033	0.027	9.94	9.2	11.06	11.84	12.23	-41.83	9.88	-2118	9.81	-7999	11.6	-7999	12.2	12.53
10/15/2016 13:00	358	0.05	0.04	0.038	0.033	0.027	10.59	9.6	11.04	11.83	12.22	-42	10.75	-2100	9.91	-7999	11.6	-7999	12.2	12.53
10/15/2016 14:00	359	0.051	0.04	0.038	0.033	0.027	11.41	9.99	11.02	11.83	12.22	-42.14	11.47	-2070	10.06	-7999	11.53	-7999	12.2	12.52
10/15/2016 15:00	360	0.052	0.04	0.038	0.033	0.027	12.75	10.45	10.99	11.82	12.21	-42.36	12.67	-1921	10.27	-7999	11.5	-7999	12.2	12.54
10/15/2016 16:00	361	0.053	0.04	0.038	0.033	0.027	12.92	11.03	10.98	11.81	12.21	-42.51	13.18	-1617	10.49	-7999	11.5	-7999	12.2	12.54
10/15/2016 17:00	362	0.053	0.041	0.038	0.033	0.027	12.61	11.4	10.98	11.8	12.2	-42.7	13.03	-1508	10.77	-7999	11.5	-7999	12.2	12.53
10/15/2016 18:00	363	0.053	0.041	0.038	0.033	0.027	12.13	11.55	10.99	11.8	12.2	-42.92	12.63	-1475	10.98	-7999	11.5	-7999	12.2	12.53
10/15/2016 19:00	364	0.053	0.041	0.038	0.033	0.027	11.78	11.56	11	11.79	12.2	-43.13	12.27	-1449	11.15	-7999	11.5	-7999	12.2	12.54
10/15/2016 20:00	365	0.053	0.041	0.038	0.033	0.027	11.33	11.49	11.04	11.78	12.19	-43.39	11.86	-1667	11.24	-7999	11.5	-7999	12.2	12.53
10/15/2016 21:00	366	0.053	0.041	0.038	0.033	0.027	11.02	11.38	11.08	11.78	12.18	-43.64	11.55	-1736	11.3	-7999	11.5	-7999	12.12	12.53
10/15/2016 22:00	367	0.054	0.041	0.038	0.033	0.027	10.71	11.24	11.1	11.77	12.18	-43.58	11.25	-1740	11.3	-7999	11.5	-7999	12.1	12.53
10/15/2016 23:00	368	0.056	0.04	0.038	0.033	0.027	10.38	11.09	11.12	11.76	12.18	-42.29	10.93	-1757	11.3	-7999	11.5	-7999	12.1	12.51
10/16/2016 0:00	369	0.058	0.04	0.038	0.033	0.027	10.09	10.92	11.16	11.76	12.17	-40.08	10.65	-1673	11.22	-7999	11.5	-7999	12.1	12.51
10/16/2016 1:00	370	0.059	0.04	0.038	0.033	0.027	9.78	10.75	11.18	11.75	12.16	-36.73	10.39	-1768	11.19	-7999	11.52	-7999	12.1	12.5
10/16/2016 2:00	371	0.06	0.04	0.038	0.033	0.027	9.44	10.6	11.2	11.75	12.15	-33.95	10.02	-1622	11.1	-7999	11.6	-7999	12.1	12.49
10/16/2016 3:00	372	0.062	0.04	0.038	0.033	0.027	9	10.4	11.22	11.75	12.15	-31.86	9.63	-1519	11.03	-7999	11.6	-7999	12.1	12.49
10/16/2016 4:00	373	0.063	0.04	0.038	0.033	0.027	8.56	10.18	11.23	11.75	12.16	-30.13	9.22	-1538	10.93	-7999	11.6	-7999	12.1	12.5
10/16/2016 5:00	374	0.064	0.04	0.038	0.033	0.027	7.972	9.92	11.24	11.75	12.15	-28.73	8.7	-1553	10.83	-7999	11.6	-7999	12.1	12.49
10/16/2016 6:00	375	0.064	0.04	0.038	0.033	0.027	7.839	9.65	11.25	11.75	12.14	-27.56	8.47	-1539	10.67	-7999	11.6	-7999	12.1	12.49
10/16/2016 7:00	376	0.065	0.04	0.038	0.033	0.027	7.628	9.43	11.23	11.75	12.13	-26.63	8.3	-1555	10.54	-7999	11.6	-7999	12.1	12.5
10/16/2016 8:00	377	0.066	0.039	0.038	0.033	0.027	7.106	9.23	11.22	11.75	12.13	-25.83	7.883	-1564	10.41	-7999	11.6	-7999	12.1	12.49
10/16/2016 9:00	378	0.066	0.039	0.038	0.033	0.027	6.9	8.98	11.21	11.75	12.12	-25.13	7.558	-1573	10.26	-7999	11.6	-7999	12.1	12.49
10/16/2016 10:00	379	0.067	0.039	0.038	0.033	0.027	6.713	8.77	11.18	11.75	12.12	-24.63	7.367	-1660	10.08	-7999	11.6	-7999	12.1	12.49
10/16/2016 11:00	380	0.067	0.039	0.038	0.033	0.027	6.631	8.57	11.16	11.75	12.12	-24.26	7.175	-2067	9.92	-7999	11.6	-7999	12.1	12.49
10/16/2016 12:00	381	0.068	0.039	0.038	0.033	0.027	7.938	8.49	11.13	11.75	12.12	-24.02	8.03	-2120	9.75	-7999	11.6	-7999	12.1	12.49
10/16/2016 13:00	382	0.069	0.039	0.038	0.033	0.027	9.18	8.75	11.1	11.74	12.11	-23.92	9.17	-2143	9.7	-7999	11.6	-7999	12.1	12.48
10/16/2016 14:00	383	0.07	0.04	0.038	0.033	0.027	10.28	9.21	11.07	11.74	12.11	-23.91	10.4	-2144	9.72	-7999	11.59	-7999	12.1	12.49
10/16/2016 15:00	384	0.072	0.04	0.038	0.033	0.027	11.23	9.72	11.03	11.74	12.1	-23.94	11.33	-2107	9.88	-7999	11.5	-7999	12.1	12.5
10/16/2016 16:00	385	0.072	0.04	0.038	0.033	0.027	12.19	10.24	10.99	11.74	12.1	-24.03	12.34	-1949	10.08	-7999	11.5	-7999	12.1	12.54
10/16/2016 17:00	386	0.073	0.04	0.038	0.033	0.027	12.31	10.75	10.98	11.73	12.1	-24.18	12.88	-1874	10.35	-7999	11.5	-7999	12.1	12.52
10/16/2016 18:00	387	0.073	0.041	0.038	0.033	0.027	11.83	11.04	10.97	11.72	12.1	-24.37	12.7	-1565	10.59	-7999	11.5	-7999	12.1	12.54
10/16/2016 19:00	388	0.072	0.041	0.038	0.033	0.027	10.54	11.06	10.96	11.72	12.09	-24.63	11.58	-1499	10.78	-7999	11.5	-7999	12.1	12.52
10/16/2016 20:00	389	0.072	0.041	0.038	0.033	0.027	9.6	10.81	10.97	11.72	12.09	-24.88	10.59	-1481	10.9	-7999	11.5	-7999	12.1	12.51
10/16/2016 21:00	390	0.071	0.041	0.038	0.033	0.027	8.95	10.49	11	11.71	12.09	-25.13	9.83	-1494	10.88	-7999	11.5	-7999	12.1	12.48
10/16/2016 22:00	391	0.071	0.04	0.038	0.033	0.027	8.54	10.17	11.02	11.7	12.08	-25.48	9.32	-1510	10.78	-7999	11.5	-7999	12.1	12.49
10/16/2016 23:00	392	0.07	0.04	0.038	0.033	0.027	8.24	9.89	11.03	11.69	12.06	-25.87	8.97	-1533	10.67	-7999	11.5	-7999	12.1	12.49
10/17/2016 0:00	393	0.071	0.04	0.038	0.033	0.027	8.07	9.66	11.06	11.69	12.06	-26.37	8.75	-1537	10.54	-7999	11.5	-7999	12.1	12.49
10/17/2016 1:00	394	0.072	0.04	0.038	0.033	0.027	7.91	9.47	11.06	11.68	12.06	-25.84	8.56	-1535	10.43	-7999	11.5	-7999	12.08	12.49
10/17/2016 2:00	395	0.076	0.04	0.038	0.033	0.027	7.742	9.28	11.05	11.68	12.06	-22.04	8.36	-1548	10.3	-7999	11.5	-7999	12	12.45
10/17/2016 3:00	396	0.083	0.041	0.038	0.033	0.027	7.554	9.12	11.05	11.68	12.06	-16	8.19	-1553	10.18	-7999	11.5	-7999	12	12.47
10/17/2016 4:00	397	0.09	0.041	0.038	0.033	0.027	7.367	8.89	11.04	11.67	12.06	-13.26	8	-1601	10.02	-7999	11.5	-7999	12	12.46
10/17/2016 5:00	398	0.095	0.041	0.038	0.033	0.027	7.293	8.72	11.02	11.66	12.04	-11.5	7.908	-2071	9.9	-7999	11.5	-7999	12	12.47
10/17/2016 6:00	399	0.097	0.042	0.038	0.033	0.027	7.036	8.59	11	11.67	12.04	-10.63	7.7	-2082	9.77	-7999	11.5	-7999	12	12.45
10/17/2016 7:00	400	0.099	0.042	0.038	0.033	0.027	6.669	8.45	10.98	11.66	12.04	-10.42	7.342	-2121	9.66	-7999	11.48	-7999	12	12.45
10/17/2016 8:00	401	0.1	0.043	0.038	0.033	0.027	6.358	8.25	10.95	11.66	12.03	-10.29	7.025	-2120	9.54	-7999	11.4	-7999	12	12.45
10/17/2016 9:00	402	0.1	0.043	0.038	0.033	0.027	6.291	8.06	10.92	11.66	12.03	-10.2	6.9	-2143	9.43	-7999	11.4	-7999	12	12.46
10/17/2016 10:00	403	0.101	0.044	0.038	0.033	0.027	6.453	7.916	10.88	11.65	12.02	-10.14	6.95	-2166	9.28	-7999	11.4	-7999	12	12.45
10/17/2016 11:00	404	0.102	0.044	0.038	0.033	0.027	6.884	7.89	10.84	11.65	12.02	-10.1	7.242	-2177	9.18	-7999	11.4	-7999	12	12.45
10/17/2016 12:00	405	0.102	0.045	0.038	0.033	0.027	7.133	7.937	10.8	11.64	12.02	-10.1	7.492	-2176	9.1	-7999	11.4	-7999	12	12.45
10/17/2016 13:00	406	0.102	0.045	0.038	0.033	0.027	7.505	8.03	10.76	11.63	12.02	-10.1	7.883	-2179	9.1	-7999	11.31	-7999	12	12.45
10/17/2016 14:00	407	0.103	0.046	0.038	0.033	0.027	7.989	8.18	10.71	11.62	12.01	-10.13	8.28	-2174	9.1	-7999	11.3	-7999	12	12.44
10/17/2016 15:00	408	0.103	0.046	0.038	0.033	0.027	9.07	8.4	10.67	11.61	12	-10.2	9.07	-2163	9.1	-7999	11.3	-7999	12	12.46
10/17/2016 16:00	409	0.11	0.047	0.038	0.033	0.027	8.81	8.75	10.64	11.6	11.99	-9.7	9.26	-2149	9.2	-7999	11.3	-7999	12	12.47
10/17/2016 17:00	410	0.114	0.048	0.038	0.033	0.027	9.77	8.95	10.61	11.59	11.99	-9.3	10.21	-2118	9.33	-7999	11.22	-7999	12	12.47
10/17/2016 18:00	411	0.115	0.049	0.038	0.033	0.027	10.26	9.25	10.58	11.58	12	-9.3	10.78	-2100	9.44	-7999	11.2	-7999	12	12.49
10/17/2016 19:00	412	0.116	0.05	0.038	0.033	0.027	9.53	9.5	10.56	11.58	11.99	-9.3	10.33	-2075	9.61	-7999	11.2	-7999	12	12.47
10/17/2016 20:00	413	0.116	0.052	0.038	0.033	0.027	8.18	9.46	10.55	11.57	11.99	-9.33	9.16	-2056	9.73	-7999	11.2	-7999	12	12.47
10/17/2016 21:00	414	0.115	0.053	0.038	0.033	0.027	7.035	9.14	10.55	11.55	11.97	-9.4	8.12	-2042	9.77	-7999	11.18	-7999	11.92	12.46
10/17/2016 22:00	415	0.115	0.053	0.038	0.033	0.027	6.132	8.7	10.54	11.54	11.97	-9.4	7.175	-2003	9.65	-7999	11.1	-7999	11.9	12.45
10/17/2016 23:00	416	0.114	0.054	0.038	0.033	0.027	5.448	8.22	10.54	11.53	11.96	-9.43	6.458	-2056	9.47	-7999	11.1	-7999	11.9	12.44
10/18/2016 0:00	417	0.114	0.055	0.038	0.033	0.027	5.293	7.778	10.53	11.52	11.96	-9.5	6.117	-2137	9.22	-7999	11.1	-7999	11.9	12.42
10/18/2016 1:00	418	0.114	0.056	0.038	0.033	0.027	5.55	7.472	10.53	11.5	11.95	-9.5	6.158	-2150	9	-7999	11.1	-7999	11.9	12.43
10/18/2016 2:00	419	0.117	0.056	0.038	0.033	0.027	5.707	7.326	10.5	11.49	11.95	-9.35	6.275	-2200	8.81	-7999	11.1	-7999	11.9	12.42
10/18/2016 3:00	420	0.121	0.058	0.038	0.033	0.027	5.678	7.244	10.48	11.49	11.94	-9.2	6.275	-2240	8.66	-7999	11.1	-7999	11.9	12.44
10/18/2016 4:00	421	0.122	0.059	0.038	0.033	0.027	5.191	7.145	10.43	11.48	11.94	-9.21	5.9	-2246	8.56	-7999	11.1	-7999	11.9	12.41
10/18/2016 5:00	422	0.122	0.061	0.038	0.033	0.027	4.859	6.966	10.4	11.46	11.92	-9.3	5.583	-2254	8.44	-7999	11.09	-7999	11.9	12.41
10/18/2016 6:00	423	0.122	0.062	0.037	0.033	0.027	4.704	6.767	10.36	11.45	11.92	-9.3	5.358	-2282	8.33	-7999	11	-7999	11.9	12.42
10/18/2016 7:00	424	0.123	0.063	0.037	0.033	0.027	4.897	6.62	10.31	11.44	11.91	-9.28	5.433	-2324	8.18	-7999	11	-7999	11.88	12.41
10/18/2016 8:00	425	0.129	0.065	0.038	0.033	0.027	4.893	6.519	10.26	11.43	11.9	-9.04	5.425	-2404	8.05	-7999	11	-7999	11.8	12.43
10/18/2016 9:00	426	0.134	0.068	0.037	0.033	0.027	4.708	6.369	10.22	11.42	11.89	-9	5.317	-2449	7.95	-7999	10.93	-7999	11.8	12.41
10/18/2016 10:00	427	0.139	0.072	0.037	0.033	0.027	4.624	6.244	10.17	11.4	11.89	-8.97	5.25	-2468	7.833	-7999	10.9	-7999	11.8	12.42
10/18/2016 11:00	428	0.142	0.077	0.037	0.033	0.027	4.804	6.139	10.1	11.39	11.88	-8.94	5.325	-2499	7.625	-7999	10.9	-7999	11.8	12.42
10/18/2016 12:00	429	0.143	0.081	0.037	0.033	0.027	5.183	6.201	10.04	11.37	11.87	-9	5.592	-2538	7.483	-7999	10.85	-7999	11.8	12.4
10/18/2016 13:00	430	0.142	0.085	0.037	0.033	0.027	5.776	6.343	9.98	11.35	11.87	-9	6.083	-2520	7.4	-7999	10.8	-7999	11.8	12.42
10/18/2016 14:00	431	0.141	0.089	0.037	0.033	0.027	6.626	6.554	9.93	11.34	11.86	-9.07	6.783	-2415	7.4	-7999	10.8	-7999	11.8	12.41
10/18/2016 15:00	432	0.14	0.091	0.037	0.033	0.027	7.301	6.863	9.87	11.33	11.85	-9.1	7.442	-2266	7.525	-7999	10.7	-7999	11.8	12.42
10/18/2016 16:00	433	0.142	0.093	0.037	0.033	0.027	7.395	7.194	9.82	11.31	11.84	-9.03	7.817	-2146	7.675	-7999	10.7	-7999	11.73	12.44
10/18/2016 17:00	434	0.147	0.097	0.037	0.033	0.027	7.132	7.381	9.77	11.28	11.84	-8.93	7.608	-2018	7.867	-7999	10.65	-7999	11.7	12.42
10/18/2016 18:00	435	0.147	0.101	0.037	0.033	0.027	7.924	7.502	9.73	11.26	11.82	-8.98	8.26	-1872	7.983	-7999	10.6	-7999	11.7	12.43
10/18/2016 19:00	436	0.146	0.103	0.037	0.033	0.027	7.658	7.691	9.71	11.25	11.81	-9	8.22	-1733	8.08	-7999	10.6	-7999	11.7	12.43
10/18/2016 20:00	437	0.144	0.105	0.037	0.033	0.027	6.952	7.768	9.68	11.23	11.8	-9.04	7.692	-1589	8.2	-7999	10.53	-7999	11.7	12.43
10/18/2016 21:00	438	0.143	0.106	0.037	0.033	0.027	6.464	7.683	9.66	11.2	11.8	-9.1	7.158	-1456	8.28	-7999	10.5	-7999	11.7	12.4
10/18/2016 22:00	439	0.142	0.108	0.037	0.033	0.027	6.077	7.535	9.65	11.18	11.79	-9.1	6.792	-1343	8.23	-7999	10.5	-7999	11.66	12.41
10/18/2016 23:00	440	0.141	0.108	0.037	0.033	0.027	5.943	7.376	9.65	11.16	11.77	-9.1	6.575	-1264	8.2	-7999	10.5	-7999	11.6	12.42
10/19/2016 0:00	441	0.14	0.109	0.037	0.033	0.027	5.726	7.251	9.64	11.14	11.76	-9.15	6.392	-1188	8.11	-7999	10.49	-7999	11.6	12.41
10/19/2016 1:00	442	0.139	0.11	0.037	0.032	0.027	5.453	7.107	9.62	11.13	11.76	-9.2	6.167	-1127	8.03	-7999	10.4	-7999	11.6	12.41
10/19/2016 2:00	443	0.138	0.11	0.037	0.032	0.027	5.341	6.97	9.61	11.11	11.74	-9.2	5.933	-1071	7.958	-7999	10.4	-7999	11.6	12.42
10/19/2016 3:00	444	0.137	0.111	0.037	0.032	0.027	5.352	6.867	9.59	11.09	11.74	-9.2	5.9	-1022	7.875	-7999	10.4	-7999	11.6	12.41
10/19/2016 4:00	445	0.136	0.111	0.037	0.032	0.027	5.297	6.781	9.56	11.06	11.71	-9.2	5.842	-969	7.8	-7999	10.4	-7999	11.56	12.41
10/19/2016 5:00	446	0.136	0.111	0.037	0.032	0.027	5.129	6.704	9.54	11.05	11.71	-9.2	5.717	-922	7.683	-7999	10.4	-7999	11.5	12.42
10/19/2016 6:00	447	0.135	0.111	0.037	0.032	0.027	4.328	6.6	9.52	11.03	11.69	-9.22	5.183	-868	7.6	-7999	10.34	-7999	11.5	12.41
10/19/2016 7:00	448	0.134	0.111	0.037	0.032	0.027	3.556	6.338	9.48	11.01	11.69	-9.29	4.525	-820	7.483	-7999	10.3	-7999	11.5	12.41
10/19/2016 8:00	449	0.133	0.111	0.037	0.032	0.027	2.979	6.037	9.46	11	11.68	-9.38	3.942	-775.8	7.35	-7999	10.3	-7999	11.5	12.42
10/19/2016 9:00	450	0.132	0.112	0.037	0.032	0.027	2.547	5.708	9.41	10.98	11.66	-9.47	3.525	-736	7.158	-7999	10.3	-7999	11.5	12.42
10/19/2016 10:00	451	0.132	0.112	0.037	0.032	0.027	2.414	5.405	9.38	10.96	11.65	-9.5	3.225	-700.8	6.967	-7999	10.27	-7999	11.5	12.4
10/19/2016 11:00	452	0.131	0.112	0.037	0.032	0.027	2.644	5.189	9.34	10.94	11.63	-9.5	3.275	-667	6.767	-7999	10.2	-7999	11.41	12.41
10/19/2016 12:00	453	0.131	0.112	0.037	0.032	0.027	3.348	5.097	9.29	10.93	11.62	-9.52	3.742	-632.8	6.608	-7999	10.2	-7999	11.4	12.41
10/19/2016 13:00	454	0.131	0.112	0.037	0.032	0.027	4.419	5.155	9.24	10.91	11.61	-9.48	4.533	-603.6	6.5	-7999	10.18	-7999	11.4	12.42
10/19/2016 14:00	455	0.131	0.112	0.037	0.032	0.026	6.151	5.445	9.17	10.9	11.6	-9.41	6.125	-576	6.5	-7999	10.07	-7999	11.4	12.39
10/19/2016 15:00	456	0.131	0.111	0.037	0.032	0.026	7.166	5.967	9.11	10.87	11.59	-9.5	7.15	-552.5	6.558	-7999	10	-7999	11.4	12.42
10/19/2016 16:00	457	0.131	0.112	0.037	0.032	0.027	8.76	6.537	9.05	10.85	11.58	-9.5	8.72	-529.2	6.758	-7999	10	-7999	11.4	12.45
10/19/2016 17:00	458	0.131	0.111	0.037	0.032	0.027	9.23	7.158	9.01	10.83	11.56	-9.5	9.56	-507.7	7.025	-7999	9.93	-7999	11.32	12.45
10/19/2016 18:00	459	0.13	0.111	0.037	0.032	0.026	9.12	7.608	8.98	10.81	11.56	-9.58	9.7	-487.2	7.35	-7999	9.9	-7999	11.3	12.46
10/19/2016 19:00	460	0.129	0.111	0.037	0.032	0.027	8.07	7.837	8.96	10.8	11.55	-9.68	8.95	-468.1	7.675	-7999	9.9	-7999	11.3	12.45
10/19/2016 20:00	461	0.128	0.111	0.037	0.032	0.027	6.626	7.799	8.96	10.78	11.52	-9.77	7.733	-449.9	7.908	-7999	9.8	-7999	11.3	12.41
10/19/2016 21:00	462	0.127	0.111	0.037	0.032	0.027	5.532	7.532	8.97	10.75	11.52	-9.88	6.675	-435	8	-7999	9.8	-7999	11.3	12.4
10/19/2016 22:00	463	0.126	0.111	0.037	0.032	0.026	4.71	7.188	9	10.73	11.5	-9.98	5.8	-422.2	7.908	-7999	9.8	-7999	11.27	12.42
10/19/2016 23:00	464	0.126	0.11	0.037	0.032	0.026	4.102	6.798	9.02	10.71	11.48	-10.07	5.167	-411.8	7.758	-7999	9.8	-7999	11.2	12.42
10/20/2016 0:00	465	0.125	0.11	0.037	0.032	0.026	3.627	6.447	9.04	10.69	11.48	-10.14	4.675	-402.5	7.525	-7999	9.8	-7999	11.2	12.41
10/20/2016 1:00	466	0.125	0.11	0.037	0.032	0.026	3.301	6.125	9.04	10.67	11.46	-10.22	4.208	-393.4	7.325	-7999	9.8	-7999	11.2	12.39
10/20/2016 2:00	467	0.124	0.11	0.037	0.032	0.027	3.204	5.84	9.04	10.64	11.45	-10.33	4.025	-384.8	7.125	-7999	9.8	-7999	11.2	12.41
10/20/2016 3:00	468	0.124	0.11	0.037	0.032	0.027	3.324	5.631	9.03	10.63	11.43	-10.46	4.017	-377.4	6.95	-7999	9.8	-7999	11.2	12.4
10/20/2016 4:00	469	0.124	0.11	0.037	0.032	0.026	3.726	5.508	9.01	10.62	11.42	-10.5	4.233	-368.7	6.792	-7999	9.76	-7999	11.16	12.39
10/20/2016 5:00	470	0.123	0.11	0.037	0.032	0.026	4.094	5.509	8.96	10.61	11.4	-10.59	4.592	-360	6.692	-7999	9.7	-7999	11.1	12.42
10/20/2016 6:00	471	0.123	0.11	0.037	0.032	0.026	4.221	5.539	8.93	10.58	11.39	-10.68	4.783	-351.6	6.6	-7999	9.7	-7999	11.1	12.42
10/20/2016 7:00	472	0.123	0.109	0.037	0.032	0.027	4.446	5.582	8.89	10.57	11.38	-10.79	4.95	-343.8	6.6	-7999	9.7	-7999	11.1	12.4
10/20/2016 8:00	473	0.123	0.109	0.037	0.032	0.027	4.568	5.65	8.85	10.56	11.37	-10.94	5.083	-337.1	6.6	-7999	9.7	-7999	11.1	12.42
10/20/2016 9:00	474	0.122	0.109	0.037	0.032	0.026	4.593	5.704	8.81	10.55	11.36	-11.06	5.1	-329.1	6.6	-7999	9.6	-7999	11.1	12.41
10/20/2016 10:00	475	0.122	0.109	0.037	0.032	0.027	4.851	5.721	8.77	10.53	11.35	-11.2	5.275	-321.9	6.6	-7999	9.6	-7999	11.1	12.41
10/20/2016 11:00	476	0.122	0.109	0.037	0.032	0.026	5.808	5.838	8.73	10.52	11.34	-11.33	5.933	-314.9	6.6	-7999	9.6	-7999	11.04	12.42
10/20/2016 12:00	477	0.122	0.109	0.037	0.032	0.026	6.969	6.114	8.71	10.49	11.32	-11.46	6.908	-308.6	6.675	-7999	9.57	-7999	11	12.41
10/20/2016 13:00	478	0.122	0.109	0.037	0.032	0.026	8.16	6.528	8.66	10.48	11.31	-11.6	7.992	-301.9	6.792	-7999	9.5	-7999	11	12.4
10/20/2016 14:00	479	0.122	0.108	0.037	0.032	0.027	9.31	7.048	8.64	10.46	11.29	-11.78	9.09	-295.6	7	-7999	9.5	-7999	11	12.4
10/20/2016 15:00	480	0.121	0.108	0.037	0.032	0.027	10.21	7.623	8.64	10.45	11.28	-11.98	10.02	-289.1	7.275	-7999	9.5	-7999	11	12.41
10/20/2016 16:00	481	0.121	0.108	0.037	0.032	0.027	11.1	8.2	8.63	10.42	11.28	-12.21	10.93	-282.7	7.625	-7999	9.46	-7999	11	12.42
10/20/2016 17:00	482	0.121	0.108	0.037	0.032	0.027	11.81	8.74	8.64	10.42	11.26	-12.43	11.82	-275.6	8.03	-7999	9.4	-7999	10.97	12.44
10/20/2016 18:00	483	0.12	0.108	0.037	0.032	0.027	11.34	9.22	8.66	10.4	11.25	-12.69	11.69	-268	8.38	-7999	9.4	-7999	10.9	12.43
10/20/2016 19:00	484	0.119	0.108	0.037	0.032	0.027	10.31	9.42	8.7	10.37	11.23	-12.87	10.96	-261.1	8.7	-7999	9.4	-7999	10.9	12.42
10/20/2016 20:00	485	0.118	0.108	0.037	0.032	0.027	8.9	9.35	8.75	10.35	11.22	-12.98	9.79	-253.6	8.91	-7999	9.4	-7999	10.9	12.41
10/20/2016 21:00	486	0.117	0.107	0.037	0.032	0.026	7.763	9.07	8.82	10.33	11.21	-13.03	8.76	-250.3	9	-7999	9.42	-7999	10.9	12.41
10/20/2016 22:00	487	0.116	0.107	0.037	0.032	0.027	6.907	8.71	8.89	10.33	11.19	-13.1	7.925	-245.5	8.95	-7999	9.5	-7999	10.9	12.41
10/20/2016 23:00	488	0.116	0.107	0.037	0.032	0.026	6.325	8.34	8.94	10.31	11.18	-13.1	7.225	-241.8	8.84	-7999	9.5	-7999	10.9	12.41
10/21/2016 0:00	489	0.115	0.106	0.037	0.032	0.027	5.805	7.984	9.01	10.3	11.17	-13.1	6.717	-237.8	8.68	-7999	9.5	-7999	10.84	12.39
10/21/2016 1:00	490	0.115	0.106	0.037	0.032	0.027	5.366	7.666	9.05	10.29	11.16	-13.06	6.283	-234.2	8.51	-7999	9.56	-7999	10.8	12.39
10/21/2016 2:00	491	0.114	0.106	0.037	0.032	0.027	5.017	7.355	9.07	10.28	11.14	-13	5.85	-230.6	8.33	-7999	9.6	-7999	10.8	12.37
10/21/2016 3:00	492	0.114	0.105	0.037	0.032	0.027	4.742	7.079	9.09	10.28	11.14	-13	5.533	-227.9	8.15	-7999	9.6	-7999	10.8	12.38
10/21/2016 4:00	493	0.114	0.105	0.037	0.032	0.026	4.496	6.831	9.1	10.28	11.12	-12.99	5.292	-223	7.958	-7999	9.6	-7999	10.8	12.37
10/21/2016 5:00	494	0.114	0.105	0.037	0.032	0.027	4.151	6.603	9.09	10.28	11.11	-12.93	5	-216.9	7.8	-7999	9.6	-7999	10.8	12.38
10/21/2016 6:00	495	0.113	0.105	0.037	0.032	0.026	3.885	6.367	9.08	10.28	11.1	-12.9	4.725	-207.5	7.575	-7999	9.6	-7999	10.8	12.37
10/21/2016 7:00	496	0.113	0.105	0.037	0.032	0.026	3.643	6.17	9.06	10.28	11.09	-12.9	4.467	-206	7.392	-7999	9.6	-7999	10.8	12.38
10/21/2016 8:00	497	0.113	0.105	0.037	0.032	0.027	3.414	5.939	9.03	10.26	11.09	-12.86	4.192	-201.2	7.242	-7999	9.6	-7999	10.8	12.38
10/21/2016 9:00	498	0.113	0.104	0.037	0.032	0.026	3.23	5.761	9	10.27	11.07	-12.82	4	-199.5	7.067	-7999	9.6	-7999	10.8	12.37
10/21/2016 10:00	499	0.113	0.104	0.037	0.032	0.026	3.249	5.568	8.95	10.26	11.07	-12.8	3.917	-195.5	6.942	-7999	9.6	-7999	10.8	12.37
10/21/2016 11:00	500	0.113	0.104	0.037	0.032	0.027	3.639	5.467	8.9	10.26	11.06	-12.8	4.108	-200.3	6.8	-7999	9.6	-7999	10.8	12.37
